server cache hits, server cache misses, client cache hits, client cache misses, bandwith
0,4,0,4,11230
0,5,0,5,15514
0,5,0,5,15514
0,5,0,5,15514
0,7,1,7,21313
0,9,1,9,27236
0,11,1,11,33096
1,13,1,14,39658
1,14,1,15,43487
1,15,1,16,46757
3,15,2,18,52554
5,15,2,20,58475
8,15,3,23,68149
8,16,3,24,70891
8,17,3,25,73757
8,17,3,25,73757
8,17,3,25,73757
8,17,3,25,73757
8,17,3,25,73757
8,17,3,25,73757
8,17,3,25,73757
11,17,3,28,81106
11,18,3,29,85008
13,18,4,31,90929
15,18,4,33,96787
15,20,4,35,103827
17,20,5,37,108835
17,22,5,39,114938
17,23,5,40,118109
17,23,5,40,118109
17,23,5,40,118109
17,23,5,40,118109
17,23,5,40,118109
17,23,5,40,118109
17,23,8,40,118109
17,23,10,40,118109
17,23,12,40,118109
17,23,14,40,118109
18,25,14,43,126502
18,26,14,44,131161
18,28,14,46,135646
18,30,15,48,140593
18,31,15,49,144539
19,33,15,52,151824
19,36,15,55,161629
19,37,15,56,164843
19,37,15,56,164843
19,37,15,56,164843
19,39,16,58,170392
19,41,16,60,175516
19,42,16,61,178072
19,42,16,61,178072
19,42,16,61,178072
19,42,16,61,178072
20,45,16,65,184917
20,47,16,67,189820
20,49,16,69,194555
20,51,17,71,201470
20,52,17,72,203848
20,52,17,72,203848
20,52,20,72,203848
20,52,23,72,203848
20,52,23,72,203848
20,52,23,72,203848
20,52,23,72,203848
21,53,24,74,210320
21,54,24,75,213394
21,54,24,75,213394
21,54,27,75,213394
21,54,28,75,213394
21,54,31,75,213394
21,55,31,76,216702
21,55,31,76,216702
21,55,34,76,216702
21,55,34,76,216702
21,55,34,76,216702
21,55,34,76,216702
21,55,34,76,216702
21,55,37,76,216702
21,55,37,76,216702
21,55,37,76,216702
21,55,37,76,216702
22,57,37,79,225262
24,57,38,81,231059
27,57,38,84,238408
28,57,38,85,242309
28,57,38,85,242309
28,57,38,85,242309
30,58,38,88,250754
33,58,38,91,258777
33,59,38,92,261860
33,60,38,93,265930
33,61,38,94,269293
33,61,38,94,269293
33,61,42,94,269293
33,61,42,94,269293
33,61,42,94,269293
33,61,42,94,269293
33,61,42,94,269293
33,61,42,94,269293
35,61,43,96,276299
36,62,43,98,282612
36,62,43,98,282612
36,62,43,98,282612
38,63,43,101,290629
38,64,43,102,293172
38,65,43,103,296779
38,65,43,103,296779
38,65,43,103,296779
42,65,43,107,308005
43,65,43,108,310746
45,65,44,110,315754
46,65,44,111,319582
47,65,44,112,322851
47,65,44,112,322851
50,65,44,115,329344
50,65,47,115,329344
50,65,50,115,329344
51,65,53,116,332085
51,65,57,116,332085
51,65,61,116,332085
51,65,64,116,332085
51,65,67,116,332085
51,65,70,116,332085
51,65,73,116,332085
51,65,76,116,332085
51,65,80,116,332085
51,65,84,116,332085
53,65,86,118,339683
55,65,87,120,344628
55,66,87,121,348403
55,67,87,122,351701
55,67,87,122,351701
58,67,87,125,359050
59,67,87,126,362951
59,68,87,127,366769
59,68,87,127,366769
59,68,90,127,366769
60,69,91,129,373191
61,70,91,131,378644
61,70,91,131,378644
61,70,91,131,378644
61,70,91,131,378644
64,70,91,134,385993
66,70,91,136,391914
68,70,91,138,397772
68,71,91,139,400645
68,71,91,139,400645
70,71,92,141,407651
70,72,92,142,410455
70,73,92,143,413881
71,74,92,145,418222
74,74,92,148,425571
76,74,92,150,431492
78,74,92,152,437350
79,74,92,153,440222
79,74,92,153,440222
81,74,93,155,447228
82,74,93,156,450031
83,74,93,157,453456
85,74,93,159,457796
85,74,93,159,457796
87,75,93,162,463373
87,75,93,162,463373
87,75,96,162,463373
87,75,96,162,463373
87,75,96,162,463373
87,75,96,162,463373
87,75,96,162,463373
89,75,97,164,470286
89,75,100,164,470286
89,75,100,164,470286
89,75,103,164,470286
89,75,103,164,470286
89,75,106,164,470286
89,75,106,164,470286
89,75,106,164,470286
89,75,109,164,470286
89,77,110,166,475019
93,77,110,170,481861
94,78,110,172,486524
94,80,110,174,493914
97,80,111,177,503588
98,80,111,178,506329
99,80,111,179,509194
99,80,111,179,509194
99,80,111,179,509194
99,80,111,179,509194
99,80,111,179,509194
99,80,111,179,509194
99,80,111,179,509194
99,80,115,179,509194
99,80,116,179,509194
99,80,117,179,509194
99,80,117,179,509194
99,80,117,179,509194
99,80,117,179,509194
99,80,117,179,509194
99,80,117,179,509194
99,80,117,179,509194
103,80,117,183,518428
106,80,117,186,526986
107,80,117,187,529789
110,80,119,190,537554
110,80,122,190,537554
110,83,123,193,547747
110,83,126,193,547747
113,83,126,196,555096
114,84,127,198,558985
114,84,130,198,558985
116,84,131,200,564906
116,84,134,200,564906
117,84,136,201,569136
117,84,139,201,569136
117,84,142,201,569136
117,84,142,201,569136
117,84,142,201,569136
117,84,142,201,569136
117,84,142,201,569136
120,84,143,204,578810
120,85,143,205,581098
121,88,143,209,592132
121,90,143,211,596304
121,91,143,212,601346
121,91,143,212,601346
121,91,143,212,601346
124,91,144,215,610198
124,91,147,215,610198
124,91,147,215,610198
124,91,147,215,610198
127,91,147,218,617547
129,91,147,220,623468
131,91,147,222,629326
133,91,147,224,636364
136,91,148,227,646554
136,92,148,228,650076
136,95,148,231,658352
136,95,148,231,658352
136,95,148,231,658352
136,95,148,231,658352
138,95,149,233,665191
138,95,153,233,665191
138,95,154,233,665191
138,95,157,233,665191
138,95,157,233,665191
138,95,157,233,665191
138,95,157,233,665191
141,95,157,236,671821
142,95,160,237,675595
143,96,161,239,680811
143,97,161,240,683633
143,97,161,240,683633
143,97,161,240,683633
143,97,164,240,683633
143,97,167,240,683633
143,97,170,240,683633
147,97,170,244,694859
147,99,171,246,700016
150,99,171,249,707581
150,99,174,249,707581
150,99,177,249,707581
150,99,180,249,707581
150,99,183,249,707581
150,99,186,249,707581
150,99,189,249,707581
150,99,192,249,707581
150,99,195,249,707581
150,99,198,249,707581
150,99,201,249,707581
150,99,204,249,707581
150,99,207,249,707581
150,99,210,249,707581
151,99,213,250,710234
151,99,216,250,710234
151,99,219,250,710234
151,99,222,250,710234
151,99,225,250,710234
151,99,228,250,710234
151,99,232,250,710234
151,99,236,250,710234
154,99,236,253,717583
156,99,236,255,723504
158,99,236,257,729362
159,99,236,258,731622
162,99,237,261,741812
163,99,237,262,745333
166,99,237,265,753606
166,99,240,265,753606
166,99,242,265,753606
166,99,244,265,753606
166,99,245,265,753606
166,99,249,265,753606
166,99,250,265,753606
166,99,253,265,753606
170,99,253,269,765348
171,100,253,271,770403
171,102,253,273,776412
171,104,253,275,782413
171,104,256,275,782413
171,104,256,275,782413
171,104,260,275,782413
171,104,262,275,782413
171,104,264,275,782413
171,104,266,275,782413
171,104,266,275,782413
171,104,270,275,782413
173,104,271,277,788210
175,104,271,279,794131
177,104,271,281,799989
179,104,271,283,807027
182,104,271,286,813916
185,104,271,289,822189
185,104,271,289,822189
185,104,271,289,822189
185,104,271,289,822189
188,104,271,292,830747
189,104,271,293,833550
190,104,271,294,836975
192,104,271,296,841315
193,105,272,298,846603
193,108,272,301,858354
193,109,272,302,863675
193,110,272,303,866462
193,111,272,304,869875
193,111,272,304,869875
193,111,272,304,869875
193,111,272,304,869875
196,111,272,307,878433
197,111,272,308,881236
198,111,272,309,884661
200,111,272,311,889001
203,111,273,314,899191
203,111,273,314,899191
203,111,273,314,899191
203,111,273,314,899191
203,111,276,314,899191
203,111,276,314,899191
206,111,276,317,906030
209,111,276,320,917778
210,111,276,321,921190
210,111,276,321,921190
210,113,277,323,927444
210,114,277,324,931312
210,114,277,324,931312
210,114,277,324,931312
210,114,280,324,931312
210,114,280,324,931312
210,114,280,324,931312
210,114,283,324,931312
210,114,283,324,931312
210,114,286,324,931312
210,114,289,324,931312
210,114,289,324,931312
210,114,289,324,931312
210,114,289,324,931312
213,114,289,327,939870
214,114,289,328,942673
215,114,289,329,946098
217,114,289,331,950438
220,114,290,334,960628
221,114,290,335,964149
224,114,290,338,972422
224,114,290,338,972422
224,114,290,338,972422
227,114,290,341,978982
229,114,290,343,985083
230,114,290,344,988253
230,114,290,344,988253
230,114,290,344,988253
230,114,290,344,988253
230,114,290,344,988253
232,114,291,346,994050
234,114,291,348,999971
236,114,291,350,1005829
238,114,291,352,1012867
241,114,291,355,1021258
242,114,291,356,1025916
244,114,291,358,1030399
244,115,291,359,1033257
247,115,292,362,1043447
249,115,292,364,1048501
251,115,292,366,1054508
253,115,294,368,1060507
253,115,298,368,1060507
253,115,302,368,1060507
255,116,302,371,1068940
255,116,302,371,1068940
255,116,302,371,1068940
258,116,303,374,1079130
259,116,303,375,1082651
262,116,303,378,1090924
262,116,303,378,1090924
264,116,304,380,1096721
265,117,304,382,1101683
268,117,304,385,1109248
268,117,307,385,1109248
268,117,310,385,1109248
268,117,313,385,1109248
268,117,316,385,1109248
268,117,319,385,1109248
268,117,322,385,1109248
268,117,325,385,1109248
268,117,328,385,1109248
268,117,331,385,1109248
268,117,334,385,1109248
268,117,337,385,1109248
268,117,340,385,1109248
268,117,343,385,1109248
268,117,346,385,1109248
268,117,349,385,1109248
268,117,352,385,1109248
268,117,355,385,1109248
268,117,358,385,1109248
269,117,361,386,1111901
269,117,365,386,1111901
269,117,369,386,1111901
269,117,373,386,1111901
269,117,377,386,1111901
270,117,379,387,1116131
272,117,380,389,1122052
274,117,381,391,1127849
275,117,383,392,1131182
275,118,383,393,1134573
275,121,385,396,1138422
275,121,391,396,1138422
275,121,396,396,1138422
275,121,397,396,1138422
275,122,397,397,1143151
275,122,397,397,1143151
275,122,400,397,1143151
278,122,400,400,1151542
278,123,400,401,1154294
278,124,400,402,1157788
278,124,400,402,1157788
278,124,400,402,1157788
280,124,401,404,1164209
282,124,401,406,1169661
282,125,401,407,1172955
282,125,401,407,1172955
282,125,401,407,1172955
282,125,401,407,1172955
282,125,401,407,1172955
286,125,401,411,1184697
287,126,401,413,1189617
287,127,401,414,1192513
289,127,402,416,1198310
291,127,402,418,1204231
294,127,402,421,1211641
297,127,402,424,1218990
297,128,402,425,1223222
299,128,403,427,1230061
301,128,404,429,1235982
303,128,404,431,1241840
307,128,404,435,1253066
307,129,404,436,1256728
307,130,404,437,1260705
310,130,404,440,1268054
312,130,405,442,1273912
314,130,406,444,1279833
316,130,408,446,1286871
319,130,409,449,1297061
321,130,409,451,1302115
323,130,409,453,1308122
325,130,409,455,1314121
325,130,413,455,1314121
328,130,413,458,1322553
331,130,413,461,1329902
333,130,413,463,1335823
335,130,413,465,1341681
336,130,413,466,1344553
336,130,413,466,1344553
336,130,416,466,1344553
336,130,418,466,1344553
336,130,420,466,1344553
336,130,421,466,1344553
336,130,421,466,1344553
337,130,423,467,1347886
338,131,423,469,1353976
338,133,423,471,1359436
338,134,423,472,1363456
342,134,423,476,1374682
343,134,423,477,1377423
344,134,423,478,1380288
344,134,423,478,1380288
344,134,423,478,1380288
344,134,423,478,1380288
348,134,424,482,1390272
351,134,424,485,1397111
353,134,425,487,1402908
355,134,425,489,1407869
355,134,425,489,1407869
355,134,425,489,1407869
356,134,427,490,1411770
356,134,427,490,1411770
356,134,427,490,1411770
356,134,427,490,1411770
356,134,427,490,1411770
356,134,427,490,1411770
356,134,427,490,1411770
356,134,427,490,1411770
356,134,427,490,1411770
356,134,427,490,1411770
356,134,427,490,1411770
356,135,429,491,1415936
356,135,429,491,1415936
356,135,429,491,1415936
359,135,430,494,1425415
361,135,430,496,1430630
362,135,430,497,1433451
362,135,430,497,1433451
362,135,430,497,1433451
365,135,430,500,1441467
366,135,430,501,1444009
367,135,430,502,1447615
367,135,430,502,1447615
367,135,430,502,1447615
368,138,430,506,1458786
368,139,430,507,1462450
372,139,430,511,1474192
373,139,430,512,1477713
376,139,430,515,1485986
376,139,430,515,1485986
378,139,431,517,1491783
379,139,431,518,1496014
379,141,431,520,1504618
379,142,431,521,1509293
379,142,431,521,1509293
379,142,435,521,1509293
382,142,435,524,1516132
385,142,435,527,1527880
386,142,435,528,1533200
387,142,435,529,1535986
390,142,435,532,1543335
391,143,435,534,1548909
391,145,435,536,1557075
391,146,435,537,1559799
391,146,435,537,1559799
391,146,435,537,1559799
391,146,435,537,1559799
393,146,436,539,1566805
393,147,436,540,1570518
393,148,436,541,1574713
393,148,436,541,1574713
393,148,436,541,1574713
393,148,439,541,1574713
393,149,439,542,1578161
393,149,439,542,1578161
393,149,439,542,1578161
393,149,439,542,1578161
393,149,439,542,1578161
396,149,439,545,1585510
398,149,439,547,1591431
400,149,439,549,1597289
402,149,440,551,1604128
403,149,440,552,1606879
404,149,440,553,1610372
404,149,443,553,1610372
407,149,443,556,1617211
410,149,443,559,1628959
411,149,443,560,1634279
412,149,443,561,1637065
413,149,443,562,1640477
413,149,443,562,1640477
413,149,443,562,1640477
413,149,443,562,1640477
414,150,444,564,1646633
416,150,445,566,1653639
417,150,445,567,1656442
418,150,445,568,1659867
420,150,445,570,1664207
422,150,446,572,1670004
424,150,446,574,1675925
426,150,446,576,1681783
428,150,446,578,1688821
431,150,446,581,1697379
433,150,447,583,1703300
435,150,448,585,1709097
437,150,449,587,1714955
440,150,449,590,1723346
441,150,449,591,1726097
441,151,449,592,1729180
441,152,449,593,1732416
441,152,449,593,1732416
443,152,450,595,1737703
446,152,450,598,1749451
446,153,450,599,1754455
446,153,450,599,1754455
449,153,450,602,1761804
451,153,450,604,1767725
453,153,450,606,1773583
454,153,450,607,1775843
454,153,453,607,1775843
454,154,453,608,1779242
457,154,453,611,1786807
457,154,456,611,1786807
457,154,459,611,1786807
457,154,462,611,1786807
457,154,465,611,1786807
457,154,468,611,1786807
457,154,471,611,1786807
457,154,474,611,1786807
457,154,477,611,1786807
457,154,480,611,1786807
457,154,483,611,1786807
457,154,486,611,1786807
457,154,489,611,1786807
458,154,492,612,1789460
458,154,496,612,1789460
458,154,499,612,1789460
458,154,502,612,1789460
458,154,505,612,1789460
458,154,508,612,1789460
458,154,511,612,1789460
458,154,514,612,1789460
458,154,517,612,1789460
461,154,518,615,1799134
462,154,518,616,1801875
462,154,521,616,1801875
462,154,523,616,1801875
462,154,524,616,1801875
462,154,524,616,1801875
462,154,527,616,1801875
462,154,531,616,1801875
463,155,532,618,1808037
463,155,535,618,1808037
463,155,538,618,1808037
463,155,541,618,1808037
463,155,544,618,1808037
463,155,547,618,1808037
463,155,550,618,1808037
463,155,553,618,1808037
463,155,556,618,1808037
464,155,558,619,1811462
468,155,558,623,1822688
468,156,558,624,1826525
468,157,558,625,1829429
468,157,558,625,1829429
468,157,558,625,1829429
468,157,558,625,1829429
468,157,558,625,1829429
468,157,558,625,1829429
468,157,558,625,1829429
469,157,560,626,1832170
470,157,560,627,1835035
470,157,560,627,1835035
470,157,560,627,1835035
470,157,560,627,1835035
470,157,560,627,1835035
470,157,560,627,1835035
470,157,560,627,1835035
472,157,561,629,1841506
473,157,561,630,1844588
474,158,561,632,1849994
474,159,561,633,1852868
474,159,561,633,1852868
474,159,561,633,1852868
474,159,561,633,1852868
474,159,561,633,1852868
474,159,561,633,1852868
474,159,564,633,1852868
474,159,564,633,1852868
476,159,565,635,1859120
476,160,565,636,1863103
478,160,567,638,1870521
478,162,568,640,1875428
478,163,570,641,1879099
478,164,572,642,1882605
478,164,575,642,1882605
478,166,575,644,1890513
478,166,575,644,1890513
478,166,575,644,1890513
478,166,575,644,1890513
478,166,578,644,1890513
478,166,581,644,1890513
478,166,584,644,1890513
478,166,587,644,1890513
478,166,590,644,1890513
478,166,593,644,1890513
478,166,596,644,1890513
478,166,599,644,1890513
478,167,602,645,1894566
478,168,604,646,1899209
480,168,605,648,1905594
481,168,607,649,1910706
481,168,610,649,1910706
481,168,613,649,1910706
481,168,616,649,1910706
481,168,619,649,1910706
481,168,622,649,1910706
481,168,625,649,1910706
483,168,626,651,1916503
485,168,626,653,1922424
486,168,627,654,1926654
487,168,629,655,1929519
487,168,632,655,1929519
487,168,636,655,1929519
487,168,640,655,1929519
487,168,643,655,1929519
487,168,646,655,1929519
487,168,650,655,1929519
487,168,653,655,1929519
487,168,656,655,1929519
487,168,659,655,1929519
487,168,662,655,1929519
487,168,666,655,1929519
487,168,669,655,1929519
487,168,673,655,1929519
487,168,677,655,1929519
487,168,680,655,1929519
487,168,681,655,1929519
487,168,683,655,1929519
487,168,685,655,1929519
487,168,688,655,1929519
487,168,691,655,1929519
487,168,695,655,1929519
487,168,695,655,1929519
490,168,695,658,1936868
491,168,695,659,1940769
492,169,695,661,1947327
492,170,695,662,1950009
492,170,695,662,1950009
492,170,695,662,1950009
494,170,696,664,1955017
494,171,696,665,1957545
497,171,697,668,1967024
498,172,697,670,1971953
498,173,697,671,1975830
500,173,698,673,1980791
501,173,698,674,1984181
503,173,698,676,1986873
504,173,698,677,1988027
504,173,698,677,1988027
504,173,698,677,1988027
504,173,698,677,1988027
508,173,698,681,1999253
509,173,698,682,2001994
512,173,699,685,2012184
513,173,699,686,2015705
516,173,699,689,2023978
516,173,699,689,2023978
516,173,699,689,2023978
516,173,699,689,2023978
519,173,699,692,2031782
519,175,699,694,2038067
519,175,699,694,2038067
519,175,699,694,2038067
519,175,699,694,2038067
519,175,699,694,2038067
519,175,699,694,2038067
521,175,700,696,2044980
522,175,700,697,2047357
522,175,700,697,2047357
522,175,700,697,2047357
522,175,700,697,2047357
526,175,700,701,2058583
526,177,700,703,2065006
526,177,700,703,2065006
526,177,700,703,2065006
526,177,700,703,2065006
526,177,700,703,2065006
526,177,700,703,2065006
526,177,700,703,2065006
526,177,700,703,2065006
528,177,701,705,2071919
528,178,701,706,2075091
528,178,701,706,2075091
528,178,701,706,2075091
528,178,704,706,2075091
528,178,704,706,2075091
528,178,704,706,2075091
528,178,704,706,2075091
531,178,704,709,2080924
531,178,707,709,2080924
531,178,710,709,2080924
531,178,713,709,2080924
531,178,716,709,2080924
531,178,719,709,2080924
532,178,722,710,2085309
532,178,726,710,2085309
532,178,730,710,2085309
532,178,734,710,2085309
533,178,736,711,2089539
535,178,737,713,2095460
537,178,738,715,2101257
540,178,739,718,2108939
540,178,739,718,2108939
540,178,739,718,2108939
543,178,739,721,2117497
544,178,739,722,2120300
545,178,739,723,2123725
547,178,739,725,2128065
547,178,742,725,2128065
547,178,742,725,2128065
550,178,743,728,2137739
551,178,743,729,2140480
552,178,743,730,2143345
552,178,743,730,2143345
552,178,743,730,2143345
552,178,743,730,2143345
555,178,743,733,2150694
557,178,743,735,2156615
559,178,743,737,2162473
561,178,744,739,2169479
565,178,744,743,2180705
568,178,744,746,2189263
569,178,744,747,2192066
570,178,744,748,2195491
572,178,744,750,2199831
574,178,745,752,2205628
576,178,745,754,2211549
578,178,745,756,2217407
580,178,745,758,2224445
583,178,745,761,2233003
585,178,746,763,2238800
588,178,746,766,2246149
589,178,746,767,2250380
592,178,747,770,2260054
592,178,750,770,2260054
596,178,750,774,2271085
598,178,750,776,2276013
599,178,750,777,2279889
602,178,750,780,2287362
604,178,750,782,2293220
606,178,750,784,2300258
610,178,750,788,2312000
611,178,750,789,2315521
614,178,750,792,2323794
614,178,750,792,2323794
616,178,751,794,2329591
618,178,751,796,2335512
622,178,751,800,2346738
623,178,751,801,2351021
623,179,751,802,2355302
626,179,751,805,2362401
627,180,751,807,2367142
627,181,751,808,2370863
629,181,752,810,2376660
631,181,752,812,2382581
633,181,752,814,2388439
635,181,752,816,2395477
637,181,753,818,2401898
639,181,753,820,2407350
640,181,755,821,2410643
640,181,755,821,2410643
640,181,755,821,2410643
640,181,759,821,2410643
640,181,759,821,2410643
640,181,759,821,2410643
640,181,759,821,2410643
640,181,759,821,2410643
640,181,762,821,2410643
640,182,764,822,2414220
640,182,764,822,2414220
640,183,766,823,2417645
640,183,766,823,2417645
640,183,766,823,2417645
642,183,767,825,2424109
643,183,767,826,2426651
644,183,767,827,2430257
644,183,767,827,2430257
647,183,768,830,2439931
648,183,768,831,2442672
649,183,770,832,2445537
649,183,774,832,2445537
649,183,777,832,2445537
649,183,777,832,2445537
649,183,781,832,2445537
649,183,784,832,2445537
649,183,784,832,2445537
649,183,788,832,2445537
649,183,792,832,2445537
649,183,796,832,2445537
649,183,799,832,2445537
649,183,802,832,2445537
649,183,805,832,2445537
649,183,808,832,2445537
649,183,811,832,2445537
649,183,811,832,2445537
649,183,811,832,2445537
649,183,811,832,2445537
649,183,811,832,2445537
649,183,811,832,2445537
649,183,814,832,2445537
651,183,815,834,2452008
652,183,815,835,2455090
654,183,816,837,2460377
654,184,816,838,2464475
654,185,816,839,2469045
654,186,818,840,2472049
654,187,821,841,2476392
654,188,822,842,2480993
654,188,822,842,2480993
654,188,822,842,2480993
654,188,822,842,2480993
654,188,822,842,2480993
654,188,825,842,2480993
654,188,828,842,2480993
658,188,828,846,2492735
659,188,828,847,2496256
662,188,828,850,2504229
664,188,828,852,2509681
667,188,829,855,2519297
668,188,829,856,2522967
672,188,829,860,2529809
673,189,829,862,2534232
673,190,829,863,2537935
673,190,832,863,2537935
673,190,835,863,2537935
673,190,839,863,2537935
675,190,840,865,2543732
676,190,840,866,2547963
678,190,840,868,2556565
679,190,840,869,2561239
679,190,840,869,2561239
679,190,840,869,2561239
679,190,840,869,2561239
680,191,841,871,2566575
680,192,841,872,2569861
682,192,842,874,2576867
683,192,842,875,2579670
684,192,842,876,2583095
686,192,842,878,2587435
689,192,843,881,2597625
689,192,846,881,2597625
689,192,849,881,2597625
692,192,850,884,2607241
693,192,852,885,2610323
693,192,855,885,2610323
693,192,858,885,2610323
693,192,861,885,2610323
693,192,865,885,2610323
693,192,868,885,2610323
695,192,869,887,2615331
695,193,869,888,2619210
695,193,869,888,2619210
695,193,872,888,2619210
696,193,874,889,2622819
696,194,874,890,2626522
697,196,874,893,2633784
697,196,874,893,2633784
697,196,877,893,2633784
697,196,877,893,2633784
697,196,877,893,2633784
697,196,880,893,2633784
697,196,883,893,2633784
697,196,886,893,2633784
697,197,888,894,2636895
697,197,888,894,2636895
697,199,890,896,2643265
698,199,890,897,2645823
698,199,890,897,2645823
701,199,890,900,2653839
701,200,890,901,2656766
701,201,890,902,2659515
704,201,891,905,2669189
705,202,891,907,2675792
705,202,891,907,2675792
708,202,892,910,2685466
709,202,892,911,2688207
709,202,895,911,2688207
709,202,895,911,2688207
711,202,896,913,2694628
713,202,897,915,2701092
715,202,899,917,2704340
717,202,899,919,2709002
718,202,901,920,2712743
719,202,904,921,2716390
719,202,907,921,2716390
719,202,910,921,2716390
719,202,910,921,2716390
719,202,910,921,2716390
722,202,911,924,2725056
722,202,914,924,2725056
724,202,915,926,2730853
726,202,915,928,2736774
727,202,916,929,2741004
727,202,918,929,2741004
727,202,921,929,2741004
727,202,923,929,2741004
727,202,925,929,2741004
727,202,928,929,2741004
727,202,931,929,2741004
730,202,931,932,2748353
733,202,932,935,2758027
734,202,932,936,2761522
734,202,932,936,2761522
734,202,932,936,2761522
734,202,932,936,2761522
735,202,934,937,2765753
735,203,934,938,2769522
735,203,934,938,2769522
735,203,934,938,2769522
735,203,934,938,2769522
735,203,934,938,2769522
735,203,934,938,2769522
735,203,937,938,2769522
735,203,940,938,2769522
737,203,941,940,2774530
737,204,941,941,2778703
737,204,941,941,2778703
737,204,941,941,2778703
737,204,944,941,2778703
737,204,947,941,2778703
737,205,949,942,2783210
739,205,950,944,2789223
739,205,953,944,2789223
739,205,953,944,2789223
742,205,953,947,2796916
744,205,953,949,2805518
745,205,955,950,2809405
745,205,959,950,2809405
745,205,963,950,2809405
748,205,964,953,2814695
750,205,964,955,2819596
750,207,964,957,2827804
750,207,964,957,2827804
754,207,964,961,2839030
755,207,964,962,2841771
756,207,964,963,2844636
756,207,964,963,2844636
756,207,964,963,2844636
756,207,964,963,2844636
758,207,965,965,2850433
760,207,965,967,2856354
762,207,965,969,2862212
762,207,968,969,2862212
762,207,971,969,2862212
762,207,974,969,2862212
762,207,977,969,2862212
762,207,980,969,2862212
762,207,983,969,2862212
762,207,986,969,2862212
762,207,989,969,2862212
762,207,992,969,2862212
762,207,995,969,2862212
762,207,998,969,2862212
762,207,1001,969,2862212
762,207,1004,969,2862212
762,207,1007,969,2862212
763,207,1010,970,2864865
763,207,1013,970,2864865
763,207,1016,970,2864865
763,207,1019,970,2864865
763,207,1022,970,2864865
763,207,1025,970,2864865
763,207,1028,970,2864865
766,207,1029,973,2875055
767,207,1029,974,2878576
770,207,1029,977,2886849
770,207,1029,977,2886849
770,207,1032,977,2886849
770,207,1035,977,2886849
770,207,1039,977,2886849
770,207,1042,977,2886849
770,207,1046,977,2886849
771,207,1047,978,2890123
771,207,1050,978,2890123
772,208,1051,980,2896356
772,208,1051,980,2896356
775,208,1051,983,2904747
776,208,1051,984,2907498
777,208,1051,985,2910991
777,208,1051,985,2910991
777,208,1051,985,2910991
779,208,1052,987,2916538
781,208,1052,989,2921278
781,209,1052,990,2925871
781,211,1052,992,2932737
784,211,1052,995,2940086
786,211,1052,997,2946007
786,211,1056,997,2946007
786,211,1059,997,2946007
786,211,1062,997,2946007
786,211,1065,997,2946007
789,211,1065,1000,2953356
791,211,1065,1002,2959277
793,211,1065,1004,2965135
796,211,1066,1007,2975325
798,211,1066,1009,2980379
800,211,1066,1011,2986386
803,211,1067,1014,2996002
804,212,1067,1016,3001268
807,212,1067,1019,3009826
808,212,1067,1020,3012629
809,212,1067,1021,3016054
811,212,1067,1023,3020394
814,212,1068,1026,3030584
815,212,1068,1027,3034105
818,212,1068,1030,3042378
818,212,1068,1030,3042378
818,212,1068,1030,3042378
818,212,1068,1030,3042378
821,212,1068,1033,3050091
821,212,1071,1033,3050091
821,212,1074,1033,3050091
821,212,1077,1033,3050091
821,212,1080,1033,3050091
822,212,1083,1034,3054143
823,212,1085,1035,3058785
825,212,1086,1037,3065170
826,212,1088,1038,3070282
829,212,1089,1041,3078948
831,212,1090,1043,3083889
831,212,1093,1043,3083889
831,212,1096,1043,3083889
831,212,1099,1043,3083889
831,212,1102,1043,3083889
831,212,1105,1043,3083889
832,212,1107,1044,3086630
834,212,1109,1046,3094228
834,212,1112,1046,3094228
834,212,1115,1046,3094228
834,212,1118,1046,3094228
834,212,1121,1046,3094228
834,212,1125,1046,3094228
834,212,1129,1046,3094228
834,212,1132,1046,3094228
834,212,1134,1046,3094228
834,212,1136,1046,3094228
834,212,1137,1046,3094228
834,212,1141,1046,3094228
834,212,1142,1046,3094228
834,212,1145,1046,3094228
834,212,1147,1046,3094228
834,212,1151,1046,3094228
834,212,1152,1046,3094228
834,212,1155,1046,3094228
834,212,1155,1046,3094228
834,212,1155,1046,3094228
837,212,1155,1049,3100725
838,212,1155,1050,3104670
840,212,1156,1052,3110467
842,212,1156,1054,3116388
845,212,1157,1057,3125054
846,212,1159,1058,3129284
846,212,1162,1058,3129284
846,212,1165,1058,3129284
846,212,1168,1058,3129284
846,212,1171,1058,3129284
846,212,1174,1058,3129284
846,212,1177,1058,3129284
846,212,1180,1058,3129284
846,212,1183,1058,3129284
846,212,1186,1058,3129284
846,212,1189,1058,3129284
846,212,1192,1058,3129284
846,212,1195,1058,3129284
846,212,1198,1058,3129284
846,212,1201,1058,3129284
846,212,1204,1058,3129284
846,212,1207,1058,3129284
846,212,1210,1058,3129284
846,212,1213,1058,3129284
846,212,1216,1058,3129284
846,212,1219,1058,3129284
846,212,1222,1058,3129284
849,212,1222,1061,3136694
853,212,1222,1065,3148436
855,212,1222,1067,3154668
855,213,1222,1068,3157634
857,213,1223,1070,3162579
857,214,1223,1071,3165966
860,214,1223,1074,3174398
864,214,1223,1078,3186140
866,214,1223,1080,3191059
868,214,1224,1082,3196020
869,215,1224,1084,3200469
869,216,1224,1085,3203874
869,218,1226,1087,3210317
871,218,1227,1089,3216114
873,218,1227,1091,3222035
874,218,1228,1092,3226265
875,218,1228,1093,3228525
877,218,1229,1095,3235531
877,219,1229,1096,3239503
880,219,1229,1099,3247894
881,219,1229,1100,3252552
883,219,1229,1102,3259352
885,219,1229,1104,3267407
885,219,1229,1104,3267407
885,219,1229,1104,3267407
885,219,1229,1104,3267407
888,219,1230,1107,3275597
892,219,1230,1111,3287339
893,219,1230,1112,3290860
896,219,1230,1115,3299133
896,219,1230,1115,3299133
896,219,1230,1115,3299133
896,219,1230,1115,3299133
898,219,1231,1117,3304930
900,219,1231,1119,3310851
902,219,1231,1121,3316709
904,219,1231,1123,3323747
907,219,1231,1126,3332305
908,219,1231,1127,3335108
909,219,1231,1128,3338533
911,219,1231,1130,3342873
911,219,1231,1130,3342873
911,219,1231,1130,3342873
913,219,1232,1132,3348670
915,219,1232,1134,3354591
917,219,1232,1136,3360449
919,219,1232,1138,3367487
922,219,1232,1141,3373984
923,219,1232,1142,3377758
924,219,1232,1143,3381055
924,219,1232,1143,3381055
924,219,1232,1143,3381055
924,219,1232,1143,3381055
924,219,1232,1143,3381055
926,219,1233,1145,3386342
929,219,1233,1148,3398090
929,220,1233,1149,3401326
929,221,1233,1150,3404116
929,221,1233,1150,3404116
929,221,1233,1150,3404116
929,221,1233,1150,3404116
929,221,1233,1150,3404116
930,221,1235,1151,3409436
931,221,1235,1152,3412222
932,221,1235,1153,3415634
936,221,1235,1157,3422476
938,221,1235,1159,3427138
938,222,1235,1160,3431076
938,222,1235,1160,3431076
940,222,1236,1162,3438082
941,222,1236,1163,3440885
945,222,1236,1167,3452627
945,223,1236,1168,3455324
947,223,1237,1170,3462163
947,224,1237,1171,3466792
950,224,1237,1174,3474765
950,225,1237,1175,3477391
950,225,1237,1175,3477391
950,225,1237,1175,3477391
953,225,1238,1178,3487007
955,226,1238,1181,3496024
955,226,1238,1181,3496024
959,226,1238,1185,3507766
962,226,1239,1188,3517245
964,226,1239,1190,3521415
965,226,1239,1191,3526456
968,226,1239,1194,3534921
969,227,1239,1196,3541781
969,228,1239,1197,3544509
971,228,1240,1199,3551348
972,228,1240,1200,3555976
976,228,1240,1204,3567202
977,228,1240,1205,3571038
978,228,1240,1206,3573941
979,228,1242,1207,3576682
982,228,1242,1210,3584486
983,228,1242,1211,3588468
985,228,1242,1213,3593373
986,228,1242,1214,3596878
986,228,1242,1214,3596878
986,228,1242,1214,3596878
986,228,1242,1214,3596878
988,228,1243,1216,3603717
989,228,1243,1217,3606468
990,228,1243,1218,3609550
990,228,1243,1218,3609550
990,228,1243,1218,3609550
990,228,1246,1218,3609550
991,228,1248,1219,3612785
991,228,1248,1219,3612785
991,228,1251,1219,3612785
991,228,1254,1219,3612785
991,228,1257,1219,3612785
991,228,1260,1219,3612785
991,228,1263,1219,3612785
991,228,1266,1219,3612785
991,228,1269,1219,3612785
991,228,1272,1219,3612785
992,228,1274,1220,3616278
995,228,1274,1223,3622791
996,229,1274,1225,3628618
996,229,1274,1225,3628618
996,229,1277,1225,3628618
997,229,1279,1226,3631130
997,230,1279,1227,3633967
997,230,1279,1227,3633967
997,230,1279,1227,3633967
997,230,1282,1227,3633967
997,230,1282,1227,3633967
997,230,1282,1227,3633967
997,230,1282,1227,3633967
997,230,1282,1227,3633967
1001,230,1282,1231,3645709
1003,230,1283,1233,3651506
1005,230,1283,1235,3657427
1006,230,1285,1236,3660948
1009,230,1285,1239,3669221
1011,230,1286,1241,3675234
1011,230,1289,1241,3675234
1011,230,1292,1241,3675234
1011,230,1295,1241,3675234
1011,230,1298,1241,3675234
1011,230,1301,1241,3675234
1012,230,1304,1242,3677887
1012,230,1308,1242,3677887
1012,230,1312,1242,3677887
1012,230,1316,1242,3677887
1013,230,1318,1243,3682117
1015,230,1319,1245,3688369
1016,231,1319,1247,3692964
1016,232,1319,1248,3696251
1019,232,1319,1251,3703469
1019,232,1322,1251,3703469
1019,232,1325,1251,3703469
1019,232,1328,1251,3703469
1020,232,1331,1252,3707993
1022,232,1332,1254,3713540
1024,232,1332,1256,3718280
1025,232,1332,1257,3722872
1027,232,1332,1259,3729736
1027,232,1332,1259,3729736
1027,232,1332,1259,3729736
1027,232,1332,1259,3729736
1030,232,1332,1262,3738294
1031,232,1332,1263,3741097
1032,232,1332,1264,3744522
1035,232,1333,1267,3756270
1037,232,1334,1269,3761557
1038,232,1336,1270,3766877
1039,232,1336,1271,3769663
1040,232,1336,1272,3773075
1040,232,1336,1272,3773075
1040,232,1336,1272,3773075
1040,232,1336,1272,3773075
1043,232,1336,1275,3781507
1045,233,1336,1278,3787492
1045,233,1339,1278,3787492
1045,233,1342,1278,3787492
1045,233,1345,1278,3787492
1045,233,1348,1278,3787492
1045,233,1351,1278,3787492
1045,234,1354,1279,3791171
1048,234,1355,1282,3800787
1049,235,1356,1284,3806173
1051,235,1357,1286,3812637
1051,236,1357,1287,3815447
1051,236,1360,1287,3815447
1051,236,1363,1287,3815447
1051,236,1366,1287,3815447
1051,237,1368,1288,3818709
1051,237,1371,1288,3818709
1051,237,1374,1288,3818709
1051,237,1377,1288,3818709
1051,237,1380,1288,3818709
1051,237,1383,1288,3818709
1051,237,1386,1288,3818709
1053,237,1387,1290,3824506
1055,237,1387,1292,3830427
1056,237,1387,1293,3833825
1056,238,1389,1294,3836738
1056,238,1389,1294,3836738
1056,238,1392,1294,3836738
1056,238,1395,1294,3836738
1056,238,1398,1294,3836738
1056,238,1401,1294,3836738
1056,238,1404,1294,3836738
1056,238,1407,1294,3836738
1056,238,1410,1294,3836738
1056,238,1413,1294,3836738
1056,238,1416,1294,3836738
1056,238,1419,1294,3836738
1056,238,1422,1294,3836738
1056,238,1425,1294,3836738
1058,238,1428,1296,3841078
1058,238,1428,1296,3841078
1058,238,1433,1296,3841078
1058,238,1436,1296,3841078
1058,238,1439,1296,3841078
1058,238,1442,1296,3841078
1058,238,1447,1296,3841078
1058,238,1450,1296,3841078
1058,238,1453,1296,3841078
1058,238,1456,1296,3841078
1058,238,1459,1296,3841078
1060,238,1460,1298,3846875
1061,238,1460,1299,3851106
1063,238,1460,1301,3859708
1064,238,1460,1302,3864382
1064,238,1460,1302,3864382
1064,238,1460,1302,3864382
1064,238,1460,1302,3864382
1067,238,1460,1305,3872186
1068,238,1460,1306,3875585
1068,238,1460,1306,3875585
1068,238,1460,1306,3875585
1071,238,1461,1309,3885259
1073,238,1461,1311,3891680
1073,238,1461,1311,3891680
1073,238,1461,1311,3891680
1073,238,1461,1311,3891680
1073,238,1465,1311,3891680
1074,238,1465,1312,3895356
1074,238,1465,1312,3895356
1076,238,1466,1314,3902194
1076,238,1469,1314,3902194
1076,238,1472,1314,3902194
1076,238,1475,1314,3902194
1076,238,1478,1314,3902194
1077,238,1480,1315,3904567
1080,238,1481,1318,3914046
1080,238,1484,1318,3914046
1080,238,1487,1318,3914046
1080,238,1490,1318,3914046
1080,238,1494,1318,3914046
1080,238,1497,1318,3914046
1080,238,1500,1318,3914046
1082,238,1501,1320,3919054
1083,238,1501,1321,3922932
1083,238,1501,1321,3922932
1083,238,1501,1321,3922932
1083,238,1501,1321,3922932
1083,238,1501,1321,3922932
1084,240,1501,1324,3929170
1084,241,1501,1325,3933552
1084,242,1501,1326,3937094
1084,242,1504,1326,3937094
1086,242,1505,1328,3943515
1088,242,1505,1330,3948967
1090,242,1506,1332,3955279
1091,243,1507,1334,3960746
1091,244,1509,1335,3963685
1091,244,1512,1335,3963685
1091,244,1515,1335,3963685
1091,244,1515,1335,3963685
1091,244,1515,1335,3963685
1091,244,1515,1335,3963685
1091,244,1515,1335,3963685
1091,244,1515,1335,3963685
1091,244,1515,1335,3963685
1091,244,1515,1335,3963685
1091,245,1517,1336,3966455
1093,245,1518,1338,3971709
1094,246,1519,1340,3976606
1094,247,1521,1341,3980539
1094,247,1521,1341,3980539
1094,247,1524,1341,3980539
1095,247,1527,1342,3983832
1095,247,1531,1342,3983832
1095,247,1535,1342,3983832
1095,247,1539,1342,3983832
1098,247,1539,1345,3992390
1100,247,1539,1347,3998702
1100,248,1539,1348,4001913
1100,248,1539,1348,4001913
1100,248,1539,1348,4001913
1100,248,1539,1348,4001913
1100,248,1539,1348,4001913
1100,248,1539,1348,4001913
1100,248,1539,1348,4001913
1102,248,1540,1350,4008752
1103,250,1540,1353,4017768
1103,250,1540,1353,4017768
1103,250,1540,1353,4017768
1103,250,1540,1353,4017768
1103,250,1544,1353,4017768
1106,250,1544,1356,4026326
1107,250,1544,1357,4029129
1108,250,1544,1358,4032554
1110,250,1544,1360,4036894
1113,250,1545,1363,4042184
1115,250,1545,1365,4046846
1116,250,1545,1366,4050783
1116,250,1545,1366,4050783
1119,250,1545,1369,4059174
1120,250,1545,1370,4063802
1120,250,1545,1370,4063802
1122,250,1546,1372,4070715
1124,250,1546,1374,4077574
1125,250,1546,1375,4080301
1125,250,1546,1375,4080301
1126,250,1549,1376,4084021
1126,250,1552,1376,4084021
1126,250,1555,1376,4084021
1126,250,1558,1376,4084021
1126,250,1561,1376,4084021
1126,250,1564,1376,4084021
1130,250,1564,1380,4095052
1132,250,1564,1382,4099222
1135,250,1564,1385,4107613
1138,250,1565,1388,4117287
1139,250,1565,1389,4120028
1139,251,1565,1390,4123259
1139,251,1568,1390,4123259
1139,251,1570,1390,4123259
1139,251,1572,1390,4123259
1139,251,1573,1390,4123259
1139,251,1576,1390,4123259
1139,251,1579,1390,4123259
1139,251,1582,1390,4123259
1139,251,1585,1390,4123259
1142,251,1585,1393,4131282
1145,251,1586,1396,4140761
1145,252,1586,1397,4143778
1145,252,1586,1397,4143778
1148,252,1586,1400,4150617
1151,252,1586,1403,4162365
1151,252,1586,1403,4162365
1151,252,1586,1403,4162365
1151,252,1589,1403,4162365
1151,252,1592,1403,4162365
1152,252,1592,1404,4167368
1154,252,1593,1406,4174281
1154,253,1593,1407,4178031
1154,254,1593,1408,4181572
1154,254,1593,1408,4181572
1156,254,1594,1410,4186533
1156,255,1594,1411,4189828
1156,255,1594,1411,4189828
1156,255,1594,1411,4189828
1159,255,1595,1414,4200018
1160,255,1595,1415,4202714
1163,255,1595,1418,4210518
1166,255,1596,1421,4220134
1168,255,1597,1423,4226555
1170,255,1597,1425,4232007
1171,255,1599,1426,4235989
1173,255,1599,1428,4240894
1174,255,1601,1429,4244399
1174,255,1604,1429,4244399
1174,255,1607,1429,4244399
1174,255,1610,1429,4244399
1175,256,1611,1431,4251047
1175,256,1614,1431,4251047
1175,257,1616,1432,4254251
1175,257,1616,1432,4254251
1175,257,1619,1432,4254251
1175,257,1622,1432,4254251
1175,257,1625,1432,4254251
1176,257,1627,1433,4259363
1177,257,1627,1434,4262114
1177,257,1630,1434,4262114
1177,257,1633,1434,4262114
1180,257,1633,1437,4268953
1181,257,1633,1438,4273295
1181,258,1633,1439,4275703
1184,258,1634,1442,4280993
1184,259,1634,1443,4284495
1187,259,1634,1446,4291844
1189,259,1634,1448,4297765
1191,259,1634,1450,4303623
1193,259,1636,1452,4310661
1193,259,1640,1452,4310661
1193,259,1644,1452,4310661
1193,259,1648,1452,4310661
1195,259,1649,1454,4317500
1196,259,1649,1455,4320251
1197,259,1649,1456,4323744
1200,259,1650,1459,4333418
1201,259,1650,1460,4336159
1202,259,1650,1461,4339024
1206,259,1650,1465,4349242
1210,259,1650,1469,4356084
1212,259,1650,1471,4360746
1214,259,1650,1473,4368134
1214,259,1653,1473,4368134
1214,259,1653,1473,4368134
1214,259,1656,1473,4368134
1214,259,1656,1473,4368134
1214,259,1656,1473,4368134
1214,259,1656,1473,4368134
1214,259,1656,1473,4368134
1216,259,1657,1475,4375140
1217,259,1657,1476,4377943
1218,259,1657,1477,4381368
1220,259,1657,1479,4385708
1223,259,1657,1482,4393273
1223,259,1660,1482,4393273
1223,259,1663,1482,4393273
1223,259,1666,1482,4393273
1223,259,1669,1482,4393273
1223,259,1672,1482,4393273
1223,259,1675,1482,4393273
1223,259,1678,1482,4393273
1223,259,1681,1482,4393273
1223,259,1684,1482,4393273
1223,259,1687,1482,4393273
1223,259,1690,1482,4393273
1223,259,1693,1482,4393273
1223,259,1696,1482,4393273
1224,259,1699,1483,4395926
1224,259,1702,1483,4395926
1224,259,1705,1483,4395926
1224,259,1708,1483,4395926
1224,259,1711,1483,4395926
1224,259,1714,1483,4395926
1224,259,1717,1483,4395926
1226,259,1718,1485,4402765
1227,259,1718,1486,4405516
1228,259,1718,1487,4409009
1231,259,1719,1490,4418683
1232,259,1719,1491,4421424
1233,259,1719,1492,4424289
1233,259,1719,1492,4424289
1236,259,1719,1495,4431638
1237,259,1719,1496,4435869
1239,259,1719,1498,4444471
1239,259,1719,1498,4444471
1241,259,1720,1500,4449806
1241,260,1720,1501,4453213
1241,261,1720,1502,4455420
1241,262,1720,1503,4459402
1241,262,1720,1503,4459402
1242,262,1722,1504,4462687
1242,263,1722,1505,4466879
1244,263,1723,1507,4473718
1245,263,1723,1508,4476469
1246,263,1723,1509,4479962
1246,263,1723,1509,4479962
1246,263,1723,1509,4479962
1246,263,1726,1509,4479962
1246,263,1727,1509,4479962
1249,263,1727,1512,4488520
1251,264,1727,1515,4497475
1251,265,1727,1516,4500525
1254,265,1728,1519,4510715
1254,265,1731,1519,4510715
1254,265,1733,1519,4510715
1254,265,1735,1519,4510715
1254,265,1737,1519,4510715
1254,265,1741,1519,4510715
1254,265,1742,1519,4510715
1254,265,1745,1519,4510715
1254,265,1745,1519,4510715
1254,265,1745,1519,4510715
1254,265,1745,1519,4510715
1257,265,1745,1522,4518125
1260,265,1745,1525,4525474
1262,265,1745,1527,4531395
1265,265,1746,1530,4541069
1267,265,1748,1532,4546675
1270,265,1748,1535,4554024
1272,265,1748,1537,4559945
1274,265,1748,1539,4565803
1276,265,1748,1541,4572841
1276,265,1752,1541,4572841
1276,265,1756,1541,4572841
1280,265,1756,1545,4584009
1282,265,1756,1547,4589274
1284,265,1757,1549,4596280
1285,265,1757,1550,4599083
1286,265,1757,1551,4602508
1288,265,1757,1553,4606848
1291,265,1757,1556,4614864
1291,266,1757,1557,4618707
1293,266,1758,1559,4624504
1294,266,1758,1560,4628735
1295,266,1758,1561,4632503
1298,266,1758,1564,4639342
1301,266,1758,1567,4651090
1302,266,1758,1568,4656410
1303,266,1758,1569,4659196
1304,266,1758,1570,4662608
1304,266,1758,1570,4662608
1304,266,1758,1570,4662608
1304,266,1758,1570,4662608
1306,266,1759,1572,4669079
1306,267,1759,1573,4673627
1306,268,1759,1574,4678315
1306,269,1759,1575,4681780
1306,269,1762,1575,4681780
1306,269,1765,1575,4681780
1306,269,1768,1575,4681780
1306,269,1771,1575,4681780
1306,269,1775,1575,4681780
1306,269,1778,1575,4681780
1306,269,1781,1575,4681780
1306,269,1784,1575,4681780
1306,269,1787,1575,4681780
1306,269,1790,1575,4681780
1306,269,1793,1575,4681780
1306,269,1797,1575,4681780
1306,269,1801,1575,4681780
1306,269,1805,1575,4681780
1306,269,1808,1575,4681780
1306,269,1811,1575,4681780
1309,269,1812,1578,4691970
1311,269,1812,1580,4696889
1311,271,1812,1582,4702823
1311,271,1812,1582,4702823
1314,271,1812,1585,4710106
1317,271,1812,1588,4719908
1317,272,1812,1589,4723803
1317,272,1812,1589,4723803
1320,272,1813,1592,4733477
1321,272,1813,1593,4737313
1322,272,1813,1594,4740216
1325,272,1813,1597,4747565
1327,272,1813,1599,4753138
1329,272,1813,1601,4761302
1331,272,1814,1603,4767223
1332,272,1815,1604,4771453
1333,272,1815,1605,4774325
1333,272,1815,1605,4774325
1335,272,1817,1607,4781363
1335,272,1820,1607,4781363
1335,272,1820,1607,4781363
1335,272,1820,1607,4781363
1338,272,1820,1610,4787732
1340,272,1821,1612,4793590
1341,272,1823,1613,4797975
1341,272,1826,1613,4797975
1341,272,1829,1613,4797975
1341,272,1832,1613,4797975
1341,272,1832,1613,4797975
1341,272,1832,1613,4797975
1344,272,1832,1616,4805324
1346,272,1832,1618,4811245
1349,272,1833,1621,4821435
1351,272,1833,1623,4826354
1354,272,1833,1626,4834158
1357,272,1833,1629,4841507
1359,272,1833,1631,4847428
1361,272,1833,1633,4853286
1363,272,1833,1635,4860324
1363,272,1833,1635,4860324
1363,272,1836,1635,4860324
1363,272,1837,1635,4860324
1363,272,1840,1635,4860324
1363,272,1840,1635,4860324
1363,272,1844,1635,4860324
1363,272,1844,1635,4860324
1363,272,1848,1635,4860324
1364,272,1848,1636,4863845
1367,272,1848,1639,4872118
1367,272,1848,1639,4872118
1367,272,1848,1639,4872118
1367,272,1848,1639,4872118
1370,272,1848,1642,4880676
1371,273,1848,1644,4886736
1371,273,1848,1644,4886736
1372,273,1850,1645,4891110
1373,273,1850,1646,4894320
1373,273,1853,1646,4894320
1373,273,1856,1646,4894320
1373,273,1859,1646,4894320
1373,273,1859,1646,4894320
1373,273,1862,1646,4894320
1373,273,1865,1646,4894320
1377,273,1865,1650,4906062
1379,273,1865,1652,4912294
1380,273,1865,1653,4915259
1380,273,1865,1653,4915259
1380,273,1865,1653,4915259
1382,273,1866,1655,4922098
1383,273,1866,1656,4924849
1383,274,1866,1657,4928468
1383,275,1866,1658,4932430
1386,275,1866,1661,4940874
1387,276,1867,1663,4945217
1388,276,1867,1664,4949389
1391,276,1868,1667,4954679
1393,276,1868,1669,4959101
1393,277,1868,1670,4961953
1397,277,1868,1674,4973179
1398,277,1868,1675,4975920
1398,277,1868,1675,4975920
1398,277,1868,1675,4975920
1398,277,1868,1675,4975920
1399,277,1871,1676,4978785
1399,277,1874,1676,4978785
1399,277,1877,1676,4978785
1399,277,1880,1676,4978785
1399,277,1880,1676,4978785
1399,277,1883,1676,4978785
1399,277,1886,1676,4978785
1399,277,1886,1676,4978785
1399,277,1886,1676,4978785
1399,277,1886,1676,4978785
1399,277,1890,1676,4978785
1399,277,1890,1676,4978785
1399,277,1890,1676,4978785
1399,277,1890,1676,4978785
1399,277,1893,1676,4978785
1399,277,1896,1676,4978785
1399,277,1899,1676,4978785
1401,277,1900,1678,4984582
1403,277,1900,1680,4990503
1405,277,1900,1682,4996361
1407,277,1900,1684,5003399
1407,277,1904,1684,5003399
1407,277,1908,1684,5003399
1407,277,1912,1684,5003399
1407,277,1916,1684,5003399
1407,277,1920,1684,5003399
1407,277,1920,1684,5003399
1407,277,1924,1684,5003399
1407,277,1927,1684,5003399
1407,277,1931,1684,5003399
1407,277,1934,1684,5003399
1410,277,1934,1687,5010748
1412,277,1934,1689,5016669
1414,277,1934,1691,5022527
1416,277,1936,1693,5029565
1416,277,1940,1693,5029565
1416,277,1944,1693,5029565
1416,277,1948,1693,5029565
1419,277,1948,1696,5038123
1421,277,1949,1698,5043670
1422,277,1949,1699,5047372
1425,277,1949,1702,5054632
1427,277,1950,1704,5060553
1430,277,1950,1707,5069111
1431,277,1950,1708,5071914
1432,277,1950,1709,5075339
1434,277,1950,1711,5079679
1436,277,1951,1713,5085476
1437,277,1951,1714,5089707
1439,277,1951,1716,5098309
1442,277,1951,1719,5105658
1444,277,1951,1721,5111579
1446,277,1951,1723,5117437
1447,277,1951,1724,5119697
1449,277,1952,1726,5125949
1451,277,1953,1728,5130576
1451,277,1953,1728,5130576
1451,277,1953,1728,5130576
1451,278,1955,1729,5134496
1451,278,1955,1729,5134496
1451,278,1955,1729,5134496
1451,278,1958,1729,5134496
1451,278,1961,1729,5134496
1454,278,1962,1732,5144686
1454,278,1964,1732,5144686
1454,278,1964,1732,5144686
1454,278,1964,1732,5144686
1458,278,1964,1736,5156428
1460,278,1964,1738,5162660
1461,278,1964,1739,5165625
1463,278,1965,1741,5171546
1465,278,1965,1743,5177404
1466,278,1967,1744,5180057
1466,278,1970,1744,5180057
1466,278,1973,1744,5180057
1466,278,1976,1744,5180057
1466,278,1979,1744,5180057
1466,278,1982,1744,5180057
1466,278,1985,1744,5180057
1466,278,1988,1744,5180057
1466,278,1991,1744,5180057
1466,278,1994,1744,5180057
1466,278,1997,1744,5180057
1466,278,2000,1744,5180057
1466,278,2003,1744,5180057
1466,278,2006,1744,5180057
1467,278,2009,1745,5184442
1467,278,2013,1745,5184442
1467,278,2016,1745,5184442
1467,278,2020,1745,5184442
1467,278,2023,1745,5184442
1467,278,2026,1745,5184442
1469,278,2027,1747,5190239
1469,278,2030,1747,5190239
1469,278,2033,1747,5190239
1469,278,2036,1747,5190239
1469,278,2039,1747,5190239
1469,278,2042,1747,5190239
1469,278,2046,1747,5190239
1471,278,2047,1749,5197078
1472,278,2047,1750,5199829
1473,278,2047,1751,5203447
1474,278,2047,1752,5207408
1474,278,2051,1752,5207408
1474,278,2054,1752,5207408
1474,278,2057,1752,5207408
1474,278,2060,1752,5207408
1478,278,2060,1756,5218634
1480,278,2061,1758,5225640
1481,278,2061,1759,5228443
1482,278,2061,1760,5231868
1484,278,2061,1762,5236208
1484,278,2064,1762,5236208
1485,278,2064,1763,5240491
1485,278,2064,1763,5240491
1485,278,2064,1763,5240491
1485,278,2064,1763,5240491
1488,278,2064,1766,5249049
1489,278,2064,1767,5251852
1490,278,2064,1768,5255277
1492,278,2064,1770,5259617
1495,278,2065,1773,5264907
1497,278,2065,1775,5269569
1498,278,2065,1776,5273506
1498,278,2065,1776,5273506
1498,278,2065,1776,5273506
1498,278,2065,1776,5273506
1498,278,2068,1776,5273506
1502,278,2068,1780,5285248
1502,279,2070,1781,5289057
1502,279,2070,1781,5289057
1502,279,2070,1781,5289057
1502,279,2070,1781,5289057
1502,279,2070,1781,5289057
1505,279,2071,1784,5298673
1505,280,2071,1785,5302735
1505,280,2071,1785,5302735
1505,280,2071,1785,5302735
1505,280,2074,1785,5302735
1505,280,2074,1785,5302735
1505,280,2077,1785,5302735
1505,280,2078,1785,5302735
1505,280,2081,1785,5302735
1508,280,2081,1788,5310084
1508,281,2081,1789,5314107
1508,281,2081,1789,5314107
1511,281,2081,1792,5321456
1513,281,2081,1794,5327377
1515,281,2081,1796,5333235
1517,281,2081,1798,5340273
1519,281,2082,1800,5345820
1520,281,2082,1801,5349522
1523,281,2082,1804,5356782
1523,281,2082,1804,5356782
1526,281,2083,1807,5366972
1527,281,2083,1808,5370493
1530,281,2083,1811,5378766
1530,281,2083,1811,5378766
1530,281,2083,1811,5378766
1530,281,2083,1811,5378766
1530,281,2087,1811,5378766
1530,281,2088,1811,5378766
1530,281,2091,1811,5378766
1530,281,2091,1811,5378766
1530,281,2091,1811,5378766
1530,281,2091,1811,5378766
1530,281,2094,1811,5378766
1530,281,2097,1811,5378766
1530,281,2100,1811,5378766
1530,281,2103,1811,5378766
1530,281,2106,1811,5378766
1530,281,2109,1811,5378766
1530,281,2113,1811,5378766
1530,281,2117,1811,5378766
1530,281,2121,1811,5378766
1530,281,2124,1811,5378766
1530,281,2127,1811,5378766
1530,281,2129,1811,5378766
1530,281,2131,1811,5378766
1530,281,2135,1811,5378766
1530,281,2138,1811,5378766
1531,281,2139,1812,5382711
1533,281,2139,1814,5390875
1533,281,2142,1814,5390875
1533,281,2144,1814,5390875
1535,281,2144,1816,5397913
1535,281,2148,1816,5397913
1535,281,2150,1816,5397913
1535,283,2150,1818,5404937
1538,283,2150,1821,5412286
1540,283,2150,1823,5418207
1542,283,2150,1825,5424065
1545,283,2151,1828,5434255
1545,284,2151,1829,5438561
1545,284,2151,1829,5438561
1546,284,2153,1830,5442082
1549,284,2153,1833,5450355
1551,284,2154,1835,5457194
1552,284,2154,1836,5459945
1555,284,2154,1839,5467294
1557,284,2154,1841,5473215
1558,284,2154,1842,5476613
1559,284,2156,1843,5479525
1559,285,2158,1844,5482913
1559,285,2159,1844,5482913
1561,285,2160,1846,5488771
1562,285,2160,1847,5491031
1562,285,2163,1847,5491031
1562,285,2165,1847,5491031
1565,285,2165,1850,5497544
1566,285,2165,1851,5500934
1568,285,2165,1853,5503626
1571,285,2166,1856,5513300
1572,285,2166,1857,5516795
1572,285,2166,1857,5516795
1572,285,2169,1857,5516795
1572,285,2172,1857,5516795
1572,285,2174,1857,5516795
1572,285,2176,1857,5516795
1572,285,2177,1857,5516795
1572,285,2180,1857,5516795
1572,285,2182,1857,5516795
1572,285,2184,1857,5516795
1572,285,2184,1857,5516795
1572,285,2184,1857,5516795
1572,285,2184,1857,5516795
1572,285,2184,1857,5516795
1572,285,2184,1857,5516795
1572,285,2187,1857,5516795
1572,285,2189,1857,5516795
1572,285,2191,1857,5516795
1572,285,2191,1857,5516795
1572,285,2191,1857,5516795
1572,285,2194,1857,5516795
1572,285,2196,1857,5516795
1572,285,2198,1857,5516795
1572,285,2201,1857,5516795
1572,285,2205,1857,5516795
1572,285,2208,1857,5516795
1572,285,2212,1857,5516795
1573,285,2214,1858,5520311
1573,285,2217,1858,5520311
1573,285,2219,1858,5520311
1573,285,2223,1858,5520311
1573,285,2224,1858,5520311
1573,285,2227,1858,5520311
1573,285,2227,1858,5520311
1573,285,2227,1858,5520311
1573,285,2227,1858,5520311
1576,285,2227,1861,5528869
1577,285,2227,1862,5531672
1578,285,2227,1863,5535097
1580,285,2227,1865,5539437
1583,285,2228,1868,5544727
1585,285,2228,1870,5549389
1586,285,2228,1871,5553326
1586,285,2228,1871,5553326
1589,285,2228,1874,5561884
1590,285,2228,1875,5564687
1593,285,2229,1878,5574877
1595,285,2229,1880,5579796
1596,285,2229,1881,5582691
1598,285,2230,1883,5588488
1600,285,2230,1885,5594409
1600,285,2232,1885,5594409
1603,285,2233,1888,5604599
1604,285,2233,1889,5608120
1607,285,2233,1892,5616393
1610,285,2233,1895,5623742
1612,285,2234,1897,5629600
1614,285,2234,1899,5636638
1616,285,2235,1901,5642559
1618,285,2236,1903,5648811
1619,285,2236,1904,5652793
1621,285,2236,1906,5657698
1622,285,2236,1907,5661203
1622,285,2236,1907,5661203
1622,285,2236,1907,5661203
1622,285,2239,1907,5661203
1622,285,2242,1907,5661203
1622,285,2245,1907,5661203
1622,285,2248,1907,5661203
1625,285,2249,1910,5669476
1625,285,2252,1910,5669476
1625,285,2255,1910,5669476
1625,285,2258,1910,5669476
1625,285,2261,1910,5669476
1628,285,2262,1913,5679666
1629,285,2262,1914,5683187
1629,285,2265,1914,5683187
1629,285,2265,1914,5683187
1629,285,2265,1914,5683187
1632,285,2265,1917,5689747
1633,285,2265,1918,5694253
1634,285,2265,1919,5698081
1634,285,2268,1919,5698081
1634,285,2271,1919,5698081
1634,285,2271,1919,5698081
1634,285,2274,1919,5698081
1634,285,2277,1919,5698081
1634,285,2280,1919,5698081
1634,285,2280,1919,5698081
1634,285,2280,1919,5698081
1634,285,2280,1919,5698081
1634,285,2280,1919,5698081
1634,285,2283,1919,5698081
1637,285,2284,1922,5705763
1639,285,2286,1924,5713361
1639,285,2289,1924,5713361
1639,285,2292,1924,5713361
1639,285,2293,1924,5713361
1639,285,2293,1924,5713361
1639,285,2293,1924,5713361
1639,285,2293,1924,5713361
1639,285,2296,1924,5713361
1639,285,2299,1924,5713361
1641,285,2300,1926,5719158
1643,285,2300,1928,5725079
1645,285,2300,1930,5730937
1647,285,2300,1932,5737975
1647,285,2303,1932,5737975
1647,285,2303,1932,5737975
1647,285,2303,1932,5737975
1647,285,2303,1932,5737975
1647,285,2303,1932,5737975
1647,285,2306,1932,5737975
1647,285,2309,1932,5737975
1647,286,2311,1933,5741341
1647,287,2313,1934,5744050
1648,287,2315,1935,5746976
1650,287,2316,1937,5751766
1651,287,2319,1938,5754692
1651,287,2322,1938,5754692
1652,287,2324,1939,5759114
1652,287,2327,1939,5759114
1656,287,2327,1943,5770856
1658,287,2327,1945,5775910
1660,287,2327,1947,5781917
1662,287,2327,1949,5787916
1662,287,2331,1949,5787916
1662,287,2335,1949,5787916
1662,287,2335,1949,5787916
1662,287,2335,1949,5787916
1662,287,2339,1949,5787916
1664,287,2340,1951,5793800
1664,287,2344,1951,5793800
1664,287,2347,1951,5793800
1664,287,2351,1951,5793800
1664,287,2355,1951,5793800
1665,287,2357,1952,5798222
1665,287,2358,1952,5798222
1665,287,2361,1952,5798222
1665,287,2364,1952,5798222
1665,287,2367,1952,5798222
1667,287,2368,1954,5805228
1667,287,2371,1954,5805228
1671,287,2371,1958,5812070
1673,287,2371,1960,5816732
1674,287,2371,1961,5820669
1674,287,2371,1961,5820669
1674,287,2371,1961,5820669
1676,287,2372,1963,5827090
1676,289,2372,1965,5834446
1676,289,2375,1965,5834446
1676,289,2375,1965,5834446
1676,289,2378,1965,5834446
1679,289,2379,1968,5844248
1679,290,2379,1969,5847838
1681,290,2380,1971,5853569
1681,290,2383,1971,5853569
1681,290,2383,1971,5853569
1681,290,2386,1971,5853569
1685,290,2386,1975,5860411
1687,290,2386,1977,5865073
1687,291,2386,1978,5868347
1687,291,2386,1978,5868347
1687,291,2386,1978,5868347
1687,291,2386,1978,5868347
1687,291,2386,1978,5868347
1687,291,2389,1978,5868347
1687,291,2389,1978,5868347
1687,291,2389,1978,5868347
1687,291,2389,1978,5868347
1687,291,2389,1978,5868347
1687,291,2389,1978,5868347
1687,291,2389,1978,5868347
1689,291,2390,1980,5874599
1691,291,2390,1982,5880882
1691,291,2390,1982,5880882
1691,291,2390,1982,5880882
1691,291,2390,1982,5880882
1691,291,2390,1982,5880882
1694,291,2390,1985,5888165
1694,292,2390,1986,5891073
1694,292,2390,1986,5891073
1694,292,2390,1986,5891073
1697,292,2391,1989,5900875
1698,292,2391,1990,5904464
1698,292,2391,1990,5904464
1698,292,2391,1990,5904464
1698,292,2391,1990,5904464
1701,292,2391,1993,5912487
1702,292,2391,1994,5915560
1703,292,2391,1995,5918867
1703,292,2391,1995,5918867
1703,292,2391,1995,5918867
1703,292,2391,1995,5918867
1703,292,2394,1995,5918867
1703,292,2397,1995,5918867
1703,292,2397,1995,5918867
1706,292,2397,1998,5926216
1707,292,2397,1999,5930447
1709,292,2397,2001,5939049
1712,292,2397,2004,5947607
1713,292,2397,2005,5950410
1714,292,2397,2006,5953835
1716,292,2397,2008,5958175
1719,292,2398,2011,5967849
1720,292,2398,2012,5970590
1721,292,2398,2013,5973455
1721,292,2401,2013,5973455
1721,292,2401,2013,5973455
1721,292,2405,2013,5973455
1721,292,2405,2013,5973455
1721,292,2405,2013,5973455
1721,292,2408,2013,5973455
1721,292,2412,2013,5973455
1721,292,2412,2013,5973455
1721,292,2412,2013,5973455
1721,292,2415,2013,5973455
1721,292,2415,2013,5973455
1721,292,2415,2013,5973455
1721,292,2418,2013,5973455
1724,292,2418,2016,5979952
1725,292,2418,2017,5983338
1727,292,2419,2019,5990344
1728,292,2419,2020,5993147
1729,292,2419,2021,5996572
1731,292,2419,2023,6000912
1731,292,2422,2023,6000912
1731,292,2422,2023,6000912
1731,292,2422,2023,6000912
1731,292,2422,2023,6000912
1731,292,2422,2023,6000912
1731,292,2422,2023,6000912
1731,292,2422,2023,6000912
1731,292,2422,2023,6000912
1731,292,2422,2023,6000912
1731,292,2425,2023,6000912
1731,292,2428,2023,6000912
1731,292,2431,2023,6000912
1731,292,2434,2023,6000912
1731,293,2434,2024,6004127
1731,294,2434,2025,6007667
1731,294,2434,2025,6007667
1731,294,2434,2025,6007667
1731,294,2434,2025,6007667
1731,294,2434,2025,6007667
1731,294,2434,2025,6007667
1733,294,2435,2027,6013680
1733,294,2438,2027,6013680
1733,294,2441,2027,6013680
1733,294,2444,2027,6013680
1734,294,2447,2028,6016333
1734,294,2451,2028,6016333
1734,294,2455,2028,6016333
1734,294,2459,2028,6016333
1735,294,2461,2029,6020563
1737,294,2462,2031,6026484
1739,294,2463,2033,6032281
1739,294,2466,2033,6032281
1739,294,2466,2033,6032281
1742,294,2466,2036,6038855
1743,294,2466,2037,6042280
1745,294,2466,2039,6046620
1746,294,2468,2040,6051407
1748,294,2469,2042,6056694
1751,294,2469,2045,6068442
1755,294,2469,2049,6079668
1756,294,2469,2050,6082409
1757,294,2469,2051,6085274
1757,294,2469,2051,6085274
1757,294,2469,2051,6085274
1759,294,2470,2053,6091195
1761,294,2470,2055,6097053
1765,294,2470,2059,6108084
1767,294,2470,2061,6113012
1768,294,2470,2062,6116888
1768,296,2470,2064,6121998
1770,296,2471,2066,6127795
1773,296,2472,2069,6137411
1775,296,2472,2071,6142676
1777,296,2472,2073,6149698
1779,296,2473,2075,6155495
1781,296,2473,2077,6161416
1785,296,2473,2081,6172642
1785,297,2473,2082,6176472
1785,297,2473,2082,6176472
1787,297,2474,2084,6182857
1787,299,2474,2086,6190601
1787,299,2474,2086,6190601
1787,299,2474,2086,6190601
1787,299,2474,2086,6190601
1788,299,2476,2087,6195713
1788,299,2480,2087,6195713
1788,299,2483,2087,6195713
1788,299,2484,2087,6195713
1788,299,2488,2087,6195713
1788,299,2489,2087,6195713
1788,299,2492,2087,6195713
1788,299,2493,2087,6195713
1788,299,2496,2087,6195713
1790,299,2496,2089,6201286
1794,299,2496,2093,6212454
1796,299,2496,2095,6218592
1796,299,2496,2095,6218592
1796,299,2496,2095,6218592
1798,299,2497,2097,6225063
1799,299,2497,2098,6228136
1800,299,2497,2099,6231443
1800,299,2497,2099,6231443
1800,299,2497,2099,6231443
1800,299,2497,2099,6231443
1804,299,2497,2103,6242474
1805,299,2499,2104,6245490
1805,299,2502,2104,6245490
1806,301,2503,2107,6254919
1806,301,2503,2107,6254919
1806,301,2503,2107,6254919
1806,301,2507,2107,6254919
1806,301,2508,2107,6254919
1806,301,2509,2107,6254919
1806,301,2509,2107,6254919
1806,301,2509,2107,6254919
1806,301,2509,2107,6254919
1806,301,2512,2107,6254919
1806,301,2513,2107,6254919
1806,301,2514,2107,6254919
1806,301,2514,2107,6254919
1810,301,2514,2111,6266661
1812,301,2514,2113,6271715
1814,301,2514,2115,6277722
1816,301,2514,2117,6283721
1816,301,2514,2117,6283721
1816,301,2518,2117,6283721
1816,301,2518,2117,6283721
1816,301,2518,2117,6283721
1816,301,2522,2117,6283721
1818,301,2523,2119,6289518
1820,301,2523,2121,6295439
1822,301,2523,2123,6301297
1823,301,2523,2124,6303557
1823,301,2526,2124,6303557
1823,301,2526,2124,6303557
1823,301,2529,2124,6303557
1823,301,2532,2124,6303557
1823,301,2532,2124,6303557
1823,301,2535,2124,6303557
1823,301,2538,2124,6303557
1823,301,2538,2124,6303557
1823,301,2541,2124,6303557
1823,301,2541,2124,6303557
1823,301,2544,2124,6303557
1823,301,2547,2124,6303557
1823,301,2550,2124,6303557
1823,301,2553,2124,6303557
1823,301,2556,2124,6303557
1825,301,2558,2126,6310595
1825,301,2558,2126,6310595
1825,301,2558,2126,6310595
1829,301,2558,2130,6321821
1830,301,2558,2131,6324562
1830,301,2558,2131,6324562
1830,301,2558,2131,6324562
1830,301,2558,2131,6324562
1830,301,2558,2131,6324562
1830,301,2558,2131,6324562
1832,301,2559,2133,6329849
1835,301,2559,2136,6341597
1836,301,2559,2137,6346917
1837,301,2559,2138,6349703
1838,301,2559,2139,6353115
1838,301,2559,2139,6353115
1838,301,2559,2139,6353115
1838,301,2559,2139,6353115
1840,301,2560,2141,6357799
1841,301,2560,2142,6362180
1841,302,2560,2143,6365001
1841,302,2560,2143,6365001
1841,302,2560,2143,6365001
1841,302,2560,2143,6365001
1844,302,2561,2146,6374617
1845,302,2561,2147,6378287
1845,303,2561,2148,6381397
1845,303,2561,2148,6381397
1845,303,2561,2148,6381397
1845,303,2565,2148,6381397
1845,303,2567,2148,6381397
1845,303,2569,2148,6381397
1845,303,2571,2148,6381397
1845,303,2574,2148,6381397
1845,303,2574,2148,6381397
1845,303,2574,2148,6381397
1845,303,2574,2148,6381397
1845,303,2577,2148,6381397
1845,303,2577,2148,6381397
1845,303,2580,2148,6381397
1847,303,2581,2150,6387861
1848,303,2581,2151,6391703
1851,303,2581,2154,6400261
1852,303,2581,2155,6403064
1853,303,2581,2156,6406489
1855,303,2581,2158,6410829
1857,303,2582,2160,6415774
1858,303,2582,2161,6419548
1859,303,2582,2162,6422845
1859,303,2582,2162,6422845
1859,303,2582,2162,6422845
1859,303,2582,2162,6422845
1859,303,2585,2162,6422845
1859,303,2585,2162,6422845
1859,303,2585,2162,6422845
1859,303,2589,2162,6422845
1862,303,2589,2165,6429684
1863,304,2589,2167,6434458
1863,304,2589,2167,6434458
1865,304,2590,2169,6439403
1865,305,2590,2170,6443151
1865,305,2590,2170,6443151
1865,305,2590,2170,6443151
1868,305,2590,2173,6451124
1870,305,2590,2175,6458478
1870,305,2593,2175,6458478
1870,305,2593,2175,6458478
1870,305,2593,2175,6458478
1870,305,2593,2175,6458478
1870,305,2596,2175,6458478
1870,305,2596,2175,6458478
1870,305,2596,2175,6458478
1872,305,2597,2177,6463765
1873,305,2597,2178,6468107
1873,305,2600,2178,6468107
1873,305,2602,2178,6468107
1873,305,2605,2178,6468107
1873,305,2605,2178,6468107
1873,305,2605,2178,6468107
1873,305,2605,2178,6468107
1873,305,2605,2178,6468107
1876,305,2605,2181,6474946
1879,305,2605,2184,6486694
1880,305,2605,2185,6492014
1881,305,2605,2186,6494800
1883,305,2606,2188,6501806
1884,305,2606,2189,6504609
1885,305,2606,2190,6508034
1887,305,2606,2192,6512374
1890,305,2606,2195,6520765
1891,305,2606,2196,6523516
1892,305,2606,2197,6527009
1892,305,2606,2197,6527009
1895,305,2606,2200,6534108
1896,306,2607,2202,6539936
1896,307,2607,2203,6542286
1897,307,2609,2204,6545988
1899,307,2610,2206,6551785
1901,307,2610,2208,6557358
1901,309,2610,2210,6563018
1901,309,2610,2210,6563018
1901,309,2610,2210,6563018
1901,309,2613,2210,6563018
1901,309,2613,2210,6563018
1901,309,2613,2210,6563018
1901,309,2613,2210,6563018
1901,309,2613,2210,6563018
1901,309,2613,2210,6563018
1901,309,2613,2210,6563018
1901,309,2613,2210,6563018
1901,309,2616,2210,6563018
1901,309,2617,2210,6563018
1901,309,2619,2210,6563018
1901,309,2620,2210,6563018
1903,309,2621,2212,6568939
1904,309,2622,2213,6573169
1906,309,2622,2215,6580207
1906,309,2625,2215,6580207
1906,309,2626,2215,6580207
1906,309,2629,2215,6580207
1906,309,2631,2215,6580207
1907,309,2632,2216,6584437
1910,309,2632,2219,6591536
1912,309,2632,2221,6596276
1913,309,2632,2222,6600868
1915,309,2632,2224,6607732
1917,309,2633,2226,6613529
1919,309,2633,2228,6619450
1921,309,2633,2230,6625308
1923,309,2633,2232,6632346
1925,309,2634,2234,6639185
1926,309,2634,2235,6641936
1927,309,2634,2236,6645429
1928,309,2636,2237,6648945
1928,310,2636,2238,6652264
1928,310,2640,2238,6652264
1931,310,2640,2241,6660287
1932,310,2640,2242,6664834
1933,310,2640,2243,6669521
1934,310,2640,2244,6672985
1936,310,2641,2246,6678272
1939,310,2641,2249,6690020
1940,310,2641,2250,6695340
1941,310,2641,2251,6698126
1943,310,2642,2253,6705132
1944,310,2642,2254,6707935
1945,310,2642,2255,6711360
1945,310,2642,2255,6711360
1949,310,2642,2259,6722586
1950,310,2642,2260,6725327
1951,310,2642,2261,6728192
1951,310,2642,2261,6728192
1951,310,2642,2261,6728192
1951,310,2642,2261,6728192
1951,310,2645,2261,6728192
1951,310,2648,2261,6728192
1951,310,2651,2261,6728192
1951,310,2655,2261,6728192
1951,310,2658,2261,6728192
1951,310,2661,2261,6728192
1951,310,2661,2261,6728192
1951,310,2661,2261,6728192
1951,310,2661,2261,6728192
1951,310,2664,2261,6728192
1953,310,2665,2263,6733989
1953,310,2668,2263,6733989
1955,310,2669,2265,6739910
1957,310,2669,2267,6745768
1958,310,2671,2268,6748421
1959,310,2674,2269,6752806
1959,310,2677,2269,6752806
1959,310,2680,2269,6752806
1959,310,2683,2269,6752806
1959,310,2686,2269,6752806
1962,310,2686,2272,6759645
1965,310,2686,2275,6771393
1966,310,2686,2276,6776713
1967,310,2686,2277,6779499
1968,310,2686,2278,6782911
1968,310,2686,2278,6782911
1968,310,2686,2278,6782911
1968,310,2686,2278,6782911
1970,310,2687,2280,6788708
1972,310,2687,2282,6794629
1974,310,2687,2284,6800487
1976,310,2687,2286,6807525
1976,310,2690,2286,6807525
1976,310,2693,2286,6807525
1976,310,2696,2286,6807525
1976,310,2700,2286,6807525
1976,310,2704,2286,6807525
1976,310,2708,2286,6807525
1976,310,2711,2286,6807525
1976,310,2714,2286,6807525
1976,310,2717,2286,6807525
1976,310,2720,2286,6807525
1976,310,2723,2286,6807525
1976,310,2726,2286,6807525
1976,310,2729,2286,6807525
1976,310,2733,2286,6807525
1976,310,2736,2286,6807525
1978,310,2737,2288,6812209
1979,310,2737,2289,6816590
1980,310,2737,2290,6819410
1980,310,2737,2290,6819410
1980,310,2737,2290,6819410
1980,310,2737,2290,6819410
1980,310,2740,2290,6819410
1980,310,2743,2290,6819410
1980,310,2746,2290,6819410
1980,310,2749,2290,6819410
1980,310,2752,2290,6819410
1980,310,2755,2290,6819410
1982,311,2755,2293,6827334
1984,311,2756,2295,6832621
1987,311,2756,2298,6844369
1988,311,2756,2299,6849689
1989,311,2756,2300,6852475
1990,311,2756,2301,6855887
1990,311,2756,2301,6855887
1992,311,2757,2303,6861684
1994,311,2757,2305,6867605
1996,311,2757,2307,6873463
1998,311,2757,2309,6880501
2001,311,2757,2312,6887850
2002,311,2757,2313,6891751
2002,311,2757,2313,6891751
2002,311,2760,2313,6891751
2002,311,2760,2313,6891751
2002,311,2760,2313,6891751
2002,311,2760,2313,6891751
2004,311,2761,2315,6897038
2005,313,2761,2318,6904528
2008,313,2761,2321,6911877
2010,313,2761,2323,6917798
2012,313,2762,2325,6923656
2013,313,2762,2326,6926528
2013,313,2762,2326,6926528
2013,313,2765,2326,6926528
2016,313,2765,2329,6932820
2018,313,2766,2331,6938367
2018,314,2768,2332,6942662
2018,314,2768,2332,6942662
2019,314,2770,2333,6946364
2020,314,2771,2334,6950157
2021,314,2771,2335,6952506
2023,314,2772,2337,6958303
2025,314,2772,2339,6964224
2027,314,2772,2341,6970082
2029,314,2772,2343,6977120
2031,314,2773,2345,6982099
2034,314,2773,2348,6990657
2035,314,2773,2349,6993460
2036,314,2773,2350,6996885
2038,314,2773,2352,7001225
2041,314,2774,2355,7010704
2043,314,2774,2357,7015919
2044,314,2774,2358,7018740
2044,314,2774,2358,7018740
2044,314,2774,2358,7018740
2047,314,2774,2361,7027205
2048,314,2774,2362,7029582
2048,314,2774,2362,7029582
2048,314,2774,2362,7029582
2050,314,2775,2364,7035379
2052,314,2775,2366,7040714
2052,315,2775,2367,7044934
2052,315,2775,2367,7044934
2053,315,2777,2368,7048585
2053,315,2777,2368,7048585
2055,315,2778,2370,7053872
2056,315,2778,2371,7057969
2058,315,2778,2373,7062742
2058,315,2778,2373,7062742
2058,315,2782,2373,7062742
2058,315,2783,2373,7062742
2058,315,2786,2373,7062742
2058,315,2786,2373,7062742
2058,315,2789,2373,7062742
2058,315,2791,2373,7062742
2061,315,2791,2376,7071300
2062,315,2791,2377,7074103
2062,316,2791,2378,7077458
2065,316,2792,2381,7087648
2066,316,2794,2382,7091456
2066,316,2794,2382,7091456
2070,316,2794,2386,7104756
2071,316,2796,2387,7108168
2071,316,2799,2387,7108168
2073,316,2800,2389,7114089
2076,316,2801,2392,7122755
2079,316,2801,2395,7131313
2080,317,2801,2397,7135883
2080,317,2801,2397,7135883
2080,317,2801,2397,7135883
2080,317,2801,2397,7135883
2082,317,2802,2399,7142347
2083,317,2802,2400,7146189
2086,317,2802,2403,7153538
2088,317,2802,2405,7159459
2090,317,2802,2407,7165317
2092,317,2802,2409,7172355
2094,317,2803,2411,7179361
2095,317,2803,2412,7182164
2096,317,2803,2413,7185589
2098,317,2803,2415,7189929
2101,317,2804,2418,7200119
2102,317,2804,2419,7203640
2105,317,2804,2422,7211913
2105,317,2804,2422,7211913
2105,317,2804,2422,7211913
2105,317,2804,2422,7211913
2107,317,2805,2424,7217710
2109,317,2805,2426,7223631
2111,317,2805,2428,7229489
2113,317,2805,2430,7236527
2113,317,2808,2430,7236527
2113,317,2808,2430,7236527
2113,317,2808,2430,7236527
2113,317,2808,2430,7236527
2113,317,2808,2430,7236527
2117,317,2808,2434,7247558
2119,317,2808,2436,7252773
2119,318,2808,2437,7255586
2119,319,2808,2438,7258143
2122,319,2809,2441,7267759
2123,319,2809,2442,7271429
2124,319,2809,2443,7274538
2124,319,2809,2443,7274538
2124,319,2809,2443,7274538
2127,319,2810,2446,7284728
2127,319,2813,2446,7284728
2129,319,2814,2448,7290960
2130,319,2814,2449,7293925
2130,319,2814,2449,7293925
2130,319,2814,2449,7293925
2130,319,2814,2449,7293925
2130,319,2814,2449,7293925
2130,319,2817,2449,7293925
2130,319,2820,2449,7293925
2130,319,2823,2449,7293925
2130,319,2827,2449,7293925
2130,319,2829,2449,7293925
2130,319,2830,2449,7293925
2130,319,2831,2449,7293925
2132,319,2832,2451,7300389
2133,319,2832,2452,7304231
2135,319,2833,2454,7310028
2137,319,2833,2456,7315949
2139,319,2833,2458,7321807
2140,319,2833,2459,7324067
2142,319,2835,2461,7331105
2142,319,2838,2461,7331105
2142,319,2838,2461,7331105
2142,319,2838,2461,7331105
2142,319,2838,2461,7331105
2142,319,2838,2461,7331105
2142,319,2838,2461,7331105
2142,319,2838,2461,7331105
2142,319,2838,2461,7331105
2142,319,2838,2461,7331105
2142,319,2841,2461,7331105
2145,319,2841,2464,7337618
2148,319,2843,2467,7343700
2149,319,2843,2468,7344854
2149,319,2846,2468,7344854
2149,319,2851,2468,7344854
2149,319,2851,2468,7344854
2149,319,2851,2468,7344854
2149,319,2851,2468,7344854
2151,319,2852,2470,7351860
2154,319,2852,2473,7360814
2155,319,2852,2474,7363863
2155,319,2852,2474,7363863
2155,319,2852,2474,7363863
2155,319,2852,2474,7363863
2155,319,2852,2474,7363863
2155,319,2852,2474,7363863
2155,319,2852,2474,7363863
2155,319,2852,2474,7363863
2158,319,2852,2477,7371886
2159,319,2852,2478,7374959
2160,319,2852,2479,7378266
2160,319,2852,2479,7378266
2160,319,2852,2479,7378266
2160,319,2852,2479,7378266
2160,319,2852,2479,7378266
2163,319,2853,2482,7387940
2164,319,2853,2483,7391776
2165,319,2853,2484,7394679
2165,319,2853,2484,7394679
2165,319,2853,2484,7394679
2165,319,2853,2484,7394679
2165,319,2853,2484,7394679
2165,319,2853,2484,7394679
2168,319,2853,2487,7401518
2169,319,2853,2488,7405860
2171,319,2853,2490,7413463
2174,319,2853,2493,7419960
2175,319,2853,2494,7423734
2176,319,2853,2495,7427031
2176,319,2853,2495,7427031
2178,319,2854,2497,7432828
2180,319,2854,2499,7438749
2182,319,2854,2501,7444607
2183,319,2854,2502,7447479
2183,319,2854,2502,7447479
2186,319,2854,2505,7454828
2188,319,2854,2507,7460163
2189,319,2854,2508,7463448
2189,319,2857,2508,7463448
2189,319,2857,2508,7463448
2190,319,2860,2509,7467639
2192,319,2861,2511,7474645
2193,319,2861,2512,7477448
2194,322,2861,2516,7490874
2194,322,2861,2516,7490874
2198,322,2861,2520,7502616
2200,322,2861,2522,7507535
2202,322,2862,2524,7514541
2203,322,2862,2525,7518253
2204,322,2862,2526,7521700
2206,322,2863,2528,7526661
2207,322,2863,2529,7530051
2209,322,2863,2531,7532743
2210,322,2863,2532,7533897
2210,322,2863,2532,7533897
2213,322,2863,2535,7542455
2214,322,2863,2536,7545258
2215,322,2863,2537,7548683
2217,322,2863,2539,7553023
2220,322,2864,2542,7562502
2221,322,2864,2543,7565518
2221,323,2864,2544,7570158
2222,324,2864,2546,7575423
2222,324,2864,2546,7575423
2222,324,2864,2546,7575423
2225,324,2864,2549,7583814
2226,324,2864,2550,7586565
2227,324,2864,2551,7590058
2230,324,2865,2554,7598724
2230,324,2868,2554,7598724
2230,324,2872,2554,7598724
2230,324,2875,2554,7598724
2230,324,2875,2554,7598724
2232,324,2876,2556,7604521
2234,324,2876,2558,7610442
2235,324,2877,2559,7614672
2235,324,2881,2559,7614672
2235,324,2885,2559,7614672
2235,324,2888,2559,7614672
2235,324,2892,2559,7614672
2235,324,2896,2559,7614672
2238,324,2896,2562,7623230
2239,324,2896,2563,7626033
2240,324,2896,2564,7629458
2242,324,2896,2566,7633798
2244,324,2897,2568,7639595
2246,324,2897,2570,7645516
2248,324,2897,2572,7651374
2250,324,2897,2574,7658412
2250,324,2900,2574,7658412
2250,324,2902,2574,7658412
2250,324,2906,2574,7658412
2250,324,2907,2574,7658412
2250,324,2910,2574,7658412
2250,324,2910,2574,7658412
2250,324,2910,2574,7658412
2250,324,2910,2574,7658412
2250,324,2913,2574,7658412
2250,324,2916,2574,7658412
2250,324,2918,2574,7658412
2250,324,2920,2574,7658412
2250,324,2921,2574,7658412
2250,324,2924,2574,7658412
2251,324,2924,2575,7662699
2251,325,2925,2576,7666089
2251,325,2928,2576,7666089
2252,325,2928,2577,7670320
2254,325,2928,2579,7678922
2254,326,2928,2580,7682742
2254,326,2931,2580,7682742
2254,326,2933,2580,7682742
2254,326,2934,2580,7682742
2254,326,2937,2580,7682742
2254,326,2939,2580,7682742
2254,326,2942,2580,7682742
2254,326,2945,2580,7682742
2254,326,2946,2580,7682742
2254,326,2949,2580,7682742
2254,326,2949,2580,7682742
2254,326,2949,2580,7682742
2254,326,2953,2580,7682742
2254,326,2954,2580,7682742
2257,326,2954,2583,7691300
2258,326,2954,2584,7694103
2259,326,2954,2585,7697528
2261,326,2954,2587,7701868
2263,326,2955,2589,7707665
2265,326,2955,2591,7713586
2267,326,2955,2593,7719444
2269,326,2955,2595,7726482
2271,326,2956,2597,7732946
2271,327,2956,2598,7736084
2271,328,2956,2599,7740000
2271,328,2961,2599,7740000
2274,328,2961,2602,7747349
2276,328,2961,2604,7753270
2278,328,2961,2606,7759128
2280,328,2961,2608,7766166
2282,328,2962,2610,7773005
2283,328,2962,2611,7777663
2284,328,2962,2612,7781612
2287,328,2962,2615,7790170
2289,328,2963,2617,7795967
2292,328,2963,2620,7803066
2294,328,2963,2622,7807806
2294,330,2963,2624,7813955
2294,330,2963,2624,7813955
2294,330,2963,2624,7813955
2294,330,2966,2624,7813955
2294,330,2969,2624,7813955
2294,330,2969,2624,7813955
2294,330,2969,2624,7813955
2294,330,2969,2624,7813955
2294,330,2969,2624,7813955
2294,330,2969,2624,7813955
2295,330,2971,2625,7817657
2295,331,2972,2626,7821328
2295,331,2972,2626,7821328
2295,331,2972,2626,7821328
2295,331,2972,2626,7821328
2298,331,2972,2629,7828893
2298,331,2975,2629,7828893
2298,331,2978,2629,7828893
2298,331,2981,2629,7828893
2298,331,2984,2629,7828893
2298,331,2987,2629,7828893
2298,331,2990,2629,7828893
2298,331,2993,2629,7828893
2298,331,2996,2629,7828893
2298,331,2999,2629,7828893
2298,331,3002,2629,7828893
2298,331,3005,2629,7828893
2298,331,3008,2629,7828893
2298,331,3011,2629,7828893
2298,331,3014,2629,7828893
2298,331,3017,2629,7828893
2299,331,3020,2630,7831546
2299,331,3023,2630,7831546
2299,331,3026,2630,7831546
2299,331,3029,2630,7831546
2299,331,3032,2630,7831546
2299,331,3035,2630,7831546
2299,331,3038,2630,7831546
2301,331,3039,2632,7836833
2303,331,3040,2634,7843671
2304,331,3040,2635,7846457
2305,331,3040,2636,7849869
2305,331,3043,2636,7849869
2305,331,3046,2636,7849869
2305,331,3049,2636,7849869
2305,331,3052,2636,7849869
2305,331,3056,2636,7849869
2305,331,3059,2636,7849869
2307,331,3061,2638,7860099
2307,331,3064,2638,7860099
2309,331,3065,2640,7865896
2310,331,3065,2641,7869797
2311,333,3065,2644,7878232
2311,333,3065,2644,7878232
2311,333,3065,2644,7878232
2311,333,3065,2644,7878232
2311,333,3065,2644,7878232
2311,333,3065,2644,7878232
2315,333,3065,2648,7885074
2317,333,3065,2650,7889736
2318,333,3065,2651,7893673
2318,333,3065,2651,7893673
2318,333,3068,2651,7893673
2318,333,3071,2651,7893673
2320,333,3072,2653,7900679
2321,333,3072,2654,7903482
2322,333,3072,2655,7906907
2324,333,3072,2657,7911247
2327,333,3072,2660,7917807
2328,333,3072,2661,7922313
2330,333,3073,2663,7927274
2331,333,3073,2664,7930664
2333,333,3073,2666,7933356
2334,333,3075,2667,7936009
2334,333,3078,2667,7936009
2334,333,3081,2667,7936009
2334,333,3084,2667,7936009
2334,333,3087,2667,7936009
2334,333,3090,2667,7936009
2334,333,3093,2667,7936009
2334,333,3096,2667,7936009
2334,333,3099,2667,7936009
2334,333,3102,2667,7936009
2337,333,3103,2670,7945683
2338,333,3103,2671,7948424
2339,333,3106,2672,7951289
2339,333,3110,2672,7951289
2339,333,3114,2672,7951289
2340,333,3116,2673,7953549
2340,333,3119,2673,7953549
2340,333,3122,2673,7953549
2340,333,3125,2673,7953549
2340,333,3128,2673,7953549
2340,333,3131,2673,7953549
2340,333,3134,2673,7953549
2340,333,3137,2673,7953549
2340,333,3140,2673,7953549
2340,333,3143,2673,7953549
2340,333,3146,2673,7953549
2340,333,3149,2673,7953549
2343,333,3149,2676,7961114
2343,333,3152,2676,7961114
2343,333,3155,2676,7961114
2343,333,3158,2676,7961114
2343,333,3161,2676,7961114
2343,333,3164,2676,7961114
2343,333,3167,2676,7961114
2343,333,3170,2676,7961114
2343,333,3173,2676,7961114
2343,333,3176,2676,7961114
2343,333,3179,2676,7961114
2347,333,3181,2680,7968350
2351,333,3181,2684,7975192
2353,333,3181,2686,7980093
2355,333,3181,2688,7988299
2358,333,3181,2691,7995648
2360,333,3182,2693,8002654
2362,334,3182,2696,8010501
2362,335,3182,2697,8013731
2364,335,3183,2699,8020570
2365,335,3183,2700,8025198
2368,335,3183,2703,8032037
2371,335,3183,2706,8043785
2373,335,3184,2708,8050624
2374,335,3184,2709,8053375
2375,335,3184,2710,8056457
2379,335,3184,2714,8067683
2380,335,3184,2715,8071519
2380,336,3184,2716,8074703
2380,336,3184,2716,8074703
2380,336,3184,2716,8074703
2380,336,3184,2716,8074703
2380,336,3187,2716,8074703
2380,336,3187,2716,8074703
2380,336,3187,2716,8074703
2380,336,3187,2716,8074703
2380,336,3190,2716,8074703
2380,336,3190,2716,8074703
2382,336,3191,2718,8079664
2384,336,3191,2720,8085619
2384,336,3191,2720,8085619
2388,336,3191,2724,8096650
2390,336,3191,2726,8101865
2391,336,3191,2727,8104677
2392,336,3191,2728,8107233
2394,336,3192,2730,8113697
2395,336,3192,2731,8117539
2398,336,3192,2734,8126097
2399,336,3192,2735,8128900
2400,336,3192,2736,8132325
2403,336,3193,2739,8142515
2404,336,3193,2740,8146036
2407,336,3193,2743,8154309
2411,336,3193,2747,8165477
2413,336,3193,2749,8171615
2413,336,3193,2749,8171615
2413,336,3193,2749,8171615
2415,336,3194,2751,8176902
2416,337,3194,2753,8182408
2416,337,3194,2753,8182408
2419,337,3194,2756,8190799
2419,338,3194,2757,8194575
2419,338,3197,2757,8194575
2419,338,3197,2757,8194575
2422,338,3198,2760,8204765
2424,338,3199,2762,8210997
2428,338,3199,2766,8222739
2429,338,3199,2767,8226260
2432,338,3199,2770,8234533
2434,338,3200,2772,8240330
2436,338,3200,2774,8246251
2438,338,3201,2776,8250820
2438,338,3204,2776,8250820
2438,338,3207,2776,8250820
2438,338,3210,2776,8250820
2438,338,3213,2776,8250820
2438,338,3216,2776,8250820
2438,338,3219,2776,8250820
2438,338,3222,2776,8250820
2438,338,3225,2776,8250820
2438,338,3228,2776,8250820
2438,338,3231,2776,8250820
2438,338,3234,2776,8250820
2438,338,3237,2776,8250820
2438,338,3240,2776,8250820
2438,338,3243,2776,8250820
2438,338,3246,2776,8250820
2438,338,3249,2776,8250820
2440,338,3250,2778,8257659
2441,338,3252,2779,8262287
2441,338,3255,2779,8262287
2441,338,3258,2779,8262287
2444,338,3258,2782,8269636
2445,338,3258,2783,8273537
2445,338,3258,2783,8273537
2445,338,3258,2783,8273537
2445,338,3258,2783,8273537
2445,338,3261,2783,8273537
2447,338,3262,2785,8280543
2449,338,3262,2787,8286855
2450,338,3262,2788,8290065
2450,338,3262,2788,8290065
2450,338,3262,2788,8290065
2450,338,3262,2788,8290065
2450,338,3262,2788,8290065
2450,338,3262,2788,8290065
2450,338,3265,2788,8290065
2450,338,3268,2788,8290065
2453,338,3268,2791,8298623
2454,338,3268,2792,8301426
2457,338,3269,2795,8311100
2458,338,3269,2796,8313841
2459,338,3269,2797,8316706
2463,338,3269,2801,8328448
2464,338,3269,2802,8331969
2467,338,3269,2805,8340242
2467,338,3269,2805,8340242
2469,338,3270,2807,8346039
2470,338,3270,2808,8350270
2472,338,3270,2810,8358872
2476,338,3270,2814,8365714
2478,338,3270,2816,8370376
2480,338,3271,2818,8377289
2481,340,3271,2821,8387324
2484,340,3271,2824,8395882
2486,340,3272,2826,8401679
2489,340,3272,2829,8410111
2489,340,3275,2829,8410111
2489,340,3276,2829,8410111
2489,340,3276,2829,8410111
2491,340,3277,2831,8415072
2492,340,3277,2832,8418462
2494,340,3277,2834,8421154
2495,340,3277,2835,8422308
2495,340,3277,2835,8422308
2496,340,3279,2836,8425733
2498,340,3279,2838,8430073
2498,340,3282,2838,8430073
2498,340,3283,2838,8430073
2498,340,3284,2838,8430073
2498,340,3286,2838,8430073
2501,340,3287,2841,8439552
2503,340,3287,2843,8444767
2504,340,3287,2844,8447588
2504,340,3287,2844,8447588
2504,340,3287,2844,8447588
2507,340,3287,2847,8456146
2508,340,3287,2848,8458949
2509,340,3287,2849,8462374
2511,340,3287,2851,8466714
2514,340,3288,2854,8476330
2515,341,3288,2856,8481098
2515,342,3288,2857,8485262
2515,342,3291,2857,8485262
2515,342,3292,2857,8485262
2515,342,3293,2857,8485262
2515,342,3295,2857,8485262
2515,342,3299,2857,8485262
2515,342,3301,2857,8485262
2517,342,3302,2859,8491783
2517,342,3305,2859,8491783
2517,342,3308,2859,8491783
2517,342,3311,2859,8491783
2517,342,3314,2859,8491783
2517,342,3317,2859,8491783
2517,342,3320,2859,8491783
2517,342,3323,2859,8491783
2518,342,3325,2860,8496917
2519,342,3328,2861,8502013
2521,342,3329,2863,8507300
2524,342,3330,2866,8516916
2526,342,3330,2868,8522181
2528,342,3330,2870,8529203
2528,342,3330,2870,8529203
2528,342,3330,2870,8529203
2528,342,3330,2870,8529203
2528,342,3333,2870,8529203
2528,342,3334,2870,8529203
2529,342,3335,2871,8533549
2529,342,3335,2871,8533549
2529,342,3338,2871,8533549
2529,342,3338,2871,8533549
2529,342,3342,2871,8533549
2532,342,3342,2874,8540062
2533,342,3342,2875,8543452
2536,342,3342,2878,8549688
2537,343,3342,2880,8554390
2537,344,3342,2881,8557978
2537,344,3342,2881,8557978
2537,344,3342,2881,8557978
2537,344,3342,2881,8557978
2540,344,3343,2884,8567594
2542,344,3343,2886,8572859
2544,344,3343,2888,8579881
2545,345,3343,2890,8586893
2546,346,3344,2892,8592769
2546,347,3344,2893,8597102
2546,347,3344,2893,8597102
2546,347,3344,2893,8597102
2546,348,3346,2894,8601844
2546,348,3346,2894,8601844
2546,348,3346,2894,8601844
2546,348,3346,2894,8601844
2546,348,3349,2894,8601844
2546,348,3352,2894,8601844
2546,348,3355,2894,8601844
2546,348,3358,2894,8601844
2546,348,3358,2894,8601844
2546,348,3358,2894,8601844
2546,348,3358,2894,8601844
2546,348,3358,2894,8601844
2546,348,3358,2894,8601844
2549,348,3358,2897,8609193
2551,348,3358,2899,8615114
2553,348,3358,2901,8620972
2555,348,3358,2903,8628010
2555,348,3358,2903,8628010
2555,348,3358,2903,8628010
2555,348,3362,2903,8628010
2557,348,3363,2905,8635016
2557,349,3365,2906,8637438
2558,349,3367,2907,8641409
2558,350,3367,2908,8644370
2558,351,3367,2909,8647023
2558,351,3368,2909,8647023
2561,351,3368,2912,8654372
2563,351,3369,2914,8661378
2566,351,3369,2917,8667891
2567,351,3369,2918,8671281
2569,351,3369,2920,8673973
2570,351,3369,2921,8675127
2570,351,3369,2921,8675127
2572,351,3370,2923,8682133
2573,351,3370,2924,8686104
2574,351,3370,2925,8689064
2575,351,3370,2926,8691716
2576,351,3370,2927,8694137
2576,351,3373,2927,8694137
2576,351,3377,2927,8694137
2576,351,3380,2927,8694137
2576,351,3383,2927,8694137
2576,351,3385,2927,8694137
2576,351,3386,2927,8694137
2578,351,3387,2929,8701143
2579,351,3387,2930,8703946
2580,351,3387,2931,8707371
2583,351,3388,2934,8712661
2585,351,3388,2936,8717323
2586,351,3388,2937,8720596
2587,351,3390,2938,8724533
2587,351,3390,2938,8724533
2589,351,3391,2940,8730330
2591,351,3391,2942,8736251
2593,351,3391,2944,8742109
2596,351,3392,2947,8751783
2597,351,3392,2948,8754524
2598,351,3392,2949,8757389
2600,351,3393,2951,8762936
2602,351,3393,2953,8767676
2603,351,3393,2954,8772268
2605,351,3393,2956,8779132
2607,351,3395,2958,8786520
2608,351,3397,2959,8790021
2609,351,3397,2960,8793282
2609,351,3397,2960,8793282
2611,351,3398,2962,8799703
2611,353,3398,2964,8806564
2611,354,3398,2965,8809267
2612,354,3400,2966,8812969
2614,354,3401,2968,8818195
2614,354,3404,2968,8818195
2614,354,3407,2968,8818195
2614,354,3408,2968,8818195
2614,354,3409,2968,8818195
2616,354,3410,2970,8823926
2616,356,3410,2972,8830618
2616,356,3410,2972,8830618
2616,356,3410,2972,8830618
2618,356,3411,2974,8835626
2620,356,3411,2976,8841727
2621,356,3411,2977,8844897
2621,356,3411,2977,8844897
2621,356,3411,2977,8844897
2621,356,3411,2977,8844897
2621,356,3414,2977,8844897
2624,356,3414,2980,8852701
2625,356,3414,2981,8856683
2627,356,3414,2983,8861588
2628,356,3414,2984,8865093
2628,356,3414,2984,8865093
2628,356,3414,2984,8865093
2629,357,3415,2986,8870284
2629,357,3418,2986,8870284
2629,357,3418,2986,8870284
2629,357,3418,2986,8870284
2629,357,3421,2986,8870284
2629,357,3421,2986,8870284
2631,357,3422,2988,8876805
2631,357,3425,2988,8876805
2631,357,3427,2988,8876805
2631,357,3429,2988,8876805
2631,357,3430,2988,8876805
2631,357,3433,2988,8876805
2631,357,3436,2988,8876805
2631,357,3439,2988,8876805
2632,357,3439,2989,8880192
2633,357,3439,2990,8883104
2636,357,3439,2993,8891041
2638,357,3439,2995,8895524
2639,357,3439,2996,8898381
2642,357,3439,2999,8905744
2643,357,3441,3000,8909909
2643,357,3444,3000,8909909
2643,357,3447,3000,8909909
2643,357,3450,3000,8909909
2643,357,3453,3000,8909909
2643,357,3456,3000,8909909
2643,357,3458,3000,8909909
2643,357,3460,3000,8909909
2643,357,3463,3000,8909909
2643,357,3466,3000,8909909
2643,357,3469,3000,8909909
2643,357,3472,3000,8909909
2643,357,3475,3000,8909909
2643,357,3475,3000,8909909
2643,357,3478,3000,8909909
2643,357,3482,3000,8909909
2643,357,3483,3000,8909909
2647,357,3483,3004,8921651
2648,357,3483,3005,8925172
2651,357,3483,3008,8933445
2653,357,3484,3010,8940451
2655,357,3484,3012,8945020
2658,357,3484,3015,8951213
2660,357,3485,3017,8956944
2661,359,3485,3020,8967086
2661,359,3488,3020,8967086
2661,359,3490,3020,8967086
2661,359,3492,3020,8967086
2661,359,3494,3020,8967086
2661,359,3498,3020,8967086
2661,359,3499,3020,8967086
2661,359,3502,3020,8967086
2661,359,3505,3020,8967086
2661,359,3505,3020,8967086
2661,359,3508,3020,8967086
2664,359,3508,3023,8974369
2667,359,3508,3026,8984171
2668,359,3508,3027,8988065
2670,359,3509,3029,8993026
2672,359,3509,3031,8997474
2673,359,3509,3032,9000878
2675,359,3510,3034,9006675
2677,359,3510,3036,9012596
2678,359,3511,3037,9016826
2680,359,3511,3039,9023864
2680,359,3514,3039,9023864
2680,359,3515,3039,9023864
2680,359,3516,3039,9023864
2680,359,3516,3039,9023864
2680,359,3516,3039,9023864
2680,359,3516,3039,9023864
2680,359,3516,3039,9023864
2682,359,3517,3041,9029151
2682,359,3520,3041,9029151
2682,359,3520,3041,9029151
2682,359,3520,3041,9029151
2682,359,3520,3041,9029151
2682,359,3523,3041,9029151
2682,359,3526,3041,9029151
2682,359,3526,3041,9029151
2682,359,3529,3041,9029151
2682,359,3532,3041,9029151
2682,359,3535,3041,9029151
2685,359,3536,3044,9040899
2687,359,3538,3046,9049005
2687,359,3541,3046,9049005
2688,359,3543,3047,9052417
2688,359,3546,3047,9052417
2688,359,3549,3047,9052417
2688,359,3553,3047,9052417
2688,359,3557,3047,9052417
2688,359,3561,3047,9052417
2688,359,3564,3047,9052417
2688,359,3567,3047,9052417
2688,359,3570,3047,9052417
2688,359,3572,3047,9052417
2688,360,3573,3048,9055855
2688,360,3573,3048,9055855
2688,360,3573,3048,9055855
2688,360,3573,3048,9055855
2688,360,3576,3048,9055855
2688,360,3579,3048,9055855
2688,360,3582,3048,9055855
2688,360,3583,3048,9055855
2688,360,3583,3048,9055855
2693,360,3583,3053,9067391
2693,360,3588,3053,9067391
2697,360,3588,3057,9079133
2698,360,3588,3058,9082654
2700,360,3589,3060,9087295
2700,360,3589,3060,9087295
2701,360,3592,3061,9090927
2704,360,3593,3064,9100601
2705,360,3593,3065,9104884
2705,360,3596,3065,9104884
2709,360,3596,3069,9114709
2711,360,3597,3071,9120630
2714,360,3597,3074,9127469
2715,360,3597,3075,9131566
2717,360,3597,3077,9136339
2717,360,3597,3077,9136339
2717,360,3597,3077,9136339
2717,360,3597,3077,9136339
2720,360,3598,3080,9146529
2721,360,3598,3081,9150050
2724,360,3598,3084,9158323
2724,360,3598,3084,9158323
2724,360,3598,3084,9158323
2724,360,3598,3084,9158323
2726,360,3599,3086,9165329
2727,360,3599,3087,9168132
2731,360,3599,3091,9181555
2731,360,3599,3091,9181555
2731,360,3599,3091,9181555
2731,360,3599,3091,9181555
2731,360,3599,3091,9181555
2733,360,3600,3093,9187352
2735,360,3600,3095,9193273
2737,360,3600,3097,9199131
2739,360,3600,3099,9206169
2739,360,3600,3099,9206169
2739,360,3604,3099,9206169
2742,360,3604,3102,9213008
2745,360,3604,3105,9224756
2746,360,3604,3106,9230076
2748,360,3605,3108,9237082
2749,360,3605,3109,9239885
2750,360,3605,3110,9243310
2753,360,3605,3113,9249803
2753,360,3608,3113,9249803
2753,360,3611,3113,9249803
2753,360,3614,3113,9249803
2753,360,3617,3113,9249803
2754,360,3620,3114,9252544
2754,360,3624,3114,9252544
2754,360,3627,3114,9252544
2754,360,3630,3114,9252544
2756,360,3632,3116,9260142
2756,360,3635,3116,9260142
2756,360,3638,3116,9260142
2756,360,3641,3116,9260142
2756,360,3645,3116,9260142
2756,360,3649,3116,9260142
2756,360,3653,3116,9260142
2758,360,3654,3118,9265939
2760,360,3654,3120,9271860
2762,360,3654,3122,9277718
2764,360,3654,3124,9284756
2766,360,3655,3126,9291595
2767,360,3655,3127,9296253
2770,360,3655,3130,9304811
2771,360,3655,3131,9307614
2773,360,3656,3133,9313411
2775,360,3656,3135,9318984
2775,360,3656,3135,9318984
2777,360,3657,3137,9325145
2777,360,3660,3137,9325145
2777,360,3663,3137,9325145
2777,360,3666,3137,9325145
2778,360,3669,3138,9329197
2778,360,3672,3138,9329197
2778,360,3675,3138,9329197
2778,360,3678,3138,9329197
2778,360,3681,3138,9329197
2778,360,3684,3138,9329197
2778,360,3687,3138,9329197
2778,360,3690,3138,9329197
2778,360,3693,3138,9329197
2779,360,3695,3139,9333839
2781,360,3696,3141,9340091
2782,360,3696,3142,9344073
2784,360,3696,3144,9348978
2785,360,3696,3145,9352483
2788,360,3696,3148,9359372
2790,360,3698,3150,9367746
2793,360,3699,3153,9376019
2793,360,3699,3153,9376019
2793,360,3699,3153,9376019
2793,360,3699,3153,9376019
2795,360,3700,3155,9381816
2797,360,3700,3157,9387737
2800,360,3700,3160,9395086
2802,360,3700,3162,9401007
2804,360,3700,3164,9406865
2807,360,3701,3167,9417055
2809,360,3701,3169,9421974
2809,360,3701,3169,9421974
2811,360,3702,3171,9428887
2814,360,3702,3174,9438920
2814,361,3702,3175,9441738
2814,362,3704,3176,9444632
2815,362,3706,3177,9447965
2817,362,3706,3179,9452413
2818,362,3706,3180,9455817
2818,362,3706,3180,9455817
2818,362,3706,3180,9455817
2818,362,3709,3180,9455817
2818,362,3709,3180,9455817
2818,362,3712,3180,9455817
2819,362,3714,3181,9460618
2819,363,3714,3182,9463188
2819,363,3714,3182,9463188
2819,363,3714,3182,9463188
2819,363,3714,3182,9463188
2819,363,3714,3182,9463188
2819,363,3714,3182,9463188
2819,363,3717,3182,9463188
2819,363,3718,3182,9463188
2819,363,3718,3182,9463188
2819,363,3718,3182,9463188
2819,363,3718,3182,9463188
2820,363,3720,3183,9466396
2821,364,3721,3185,9471916
2821,365,3723,3186,9474576
2822,365,3725,3187,9477610
2823,365,3727,3188,9481763
2825,365,3727,3190,9487221
2825,366,3727,3191,9490430
2828,366,3727,3194,9498862
2830,366,3728,3196,9505283
2831,366,3728,3197,9509570
2832,366,3729,3198,9512959
2834,366,3730,3200,9518756
2836,366,3730,3202,9524329
2838,366,3730,3204,9532493
2839,366,3730,3205,9535216
2841,366,3731,3207,9541137
2842,366,3732,3208,9545367
2844,366,3732,3210,9552405
2844,366,3736,3210,9552405
2844,366,3738,3210,9552405
2844,366,3739,3210,9552405
2844,366,3739,3210,9552405
2844,366,3739,3210,9552405
2845,366,3741,3211,9554665
2845,366,3744,3211,9554665
2845,366,3744,3211,9554665
2845,366,3744,3211,9554665
2847,366,3745,3213,9561557
2847,366,3748,3213,9561557
2847,366,3751,3213,9561557
2847,366,3754,3213,9561557
2847,366,3755,3213,9561557
2847,366,3757,3213,9561557
2849,366,3758,3215,9568021
2850,366,3758,3216,9571863
2850,366,3761,3216,9571863
2850,366,3762,3216,9571863
2850,366,3763,3216,9571863
2850,366,3766,3216,9571863
2850,366,3769,3216,9571863
2850,366,3770,3216,9571863
2850,366,3771,3216,9571863
2850,366,3772,3216,9571863
2850,366,3772,3216,9571863
2850,366,3772,3216,9571863
2850,366,3772,3216,9571863
2854,366,3772,3220,9583089
2855,366,3772,3221,9585830
2856,366,3772,3222,9588695
2856,366,3772,3222,9588695
2856,366,3772,3222,9588695
2856,366,3772,3222,9588695
2856,366,3772,3222,9588695
2858,366,3773,3224,9595701
2859,366,3773,3225,9598504
2860,366,3773,3226,9601929
2862,366,3773,3228,9606269
2864,366,3774,3230,9612066
2866,366,3774,3232,9617987
2868,366,3774,3234,9623845
2870,366,3774,3236,9630883
2870,366,3778,3236,9630883
2870,366,3782,3236,9630883
2873,366,3783,3239,9641073
2874,366,3783,3240,9644594
2877,366,3783,3243,9652867
2877,366,3783,3243,9652867
2877,366,3783,3243,9652867
2877,366,3783,3243,9652867
2877,366,3786,3243,9652867
2878,366,3786,3244,9655739
2878,366,3786,3244,9655739
2882,366,3786,3248,9667481
2883,366,3786,3249,9671002
2886,366,3786,3252,9679275
2888,366,3787,3254,9685072
2890,366,3787,3256,9690993
2890,366,3790,3256,9690993
2890,366,3792,3256,9690993
2890,366,3794,3256,9690993
2890,366,3797,3256,9690993
2890,366,3798,3256,9690993
2890,366,3800,3256,9690993
2890,366,3803,3256,9690993
2890,366,3803,3256,9690993
2890,366,3803,3256,9690993
2890,366,3803,3256,9690993
2890,366,3807,3256,9690993
2890,366,3808,3256,9690993
2893,366,3808,3259,9699551
2894,366,3808,3260,9702354
2895,366,3808,3261,9705779
2897,366,3808,3263,9710119
2900,366,3809,3266,9715409
2902,366,3809,3268,9720071
2904,366,3809,3270,9727459
2904,366,3812,3270,9727459
2904,366,3815,3270,9727459
2904,366,3815,3270,9727459
2904,366,3815,3270,9727459
2904,366,3815,3270,9727459
2904,366,3818,3270,9727459
2904,366,3821,3270,9727459
2908,366,3821,3274,9738685
2910,366,3822,3276,9744482
2912,366,3822,3278,9750403
2914,366,3822,3280,9756261
2916,366,3822,3282,9763299
2916,366,3826,3282,9763299
2916,366,3828,3282,9763299
2916,366,3828,3282,9763299
2916,366,3828,3282,9763299
2916,366,3828,3282,9763299
2916,366,3828,3282,9763299
2918,366,3829,3284,9770138
2919,366,3829,3285,9774796
2920,368,3829,3288,9784964
2920,369,3829,3289,9787474
2922,369,3830,3291,9794480
2923,370,3830,3293,9800386
2923,370,3830,3293,9800386
2923,370,3833,3293,9800386
2923,370,3836,3293,9800386
2923,370,3839,3293,9800386
2923,370,3842,3293,9800386
2925,370,3843,3295,9805331
2925,372,3843,3297,9811749
2925,372,3846,3297,9811749
2925,372,3848,3297,9811749
2925,372,3849,3297,9811749
2925,373,3849,3298,9814731
2925,373,3849,3298,9814731
2925,373,3849,3298,9814731
2925,373,3849,3298,9814731
2926,373,3851,3299,9818994
2928,373,3851,3301,9825853
2929,373,3851,3302,9828555
2929,373,3854,3302,9828555
2929,373,3857,3302,9828555
2929,373,3860,3302,9828555
2931,373,3861,3304,9834807
2931,374,3861,3305,9837789
2931,375,3861,3306,9841646
2931,376,3861,3307,9844856
2935,376,3861,3311,9856598
2936,376,3861,3312,9860119
2939,376,3861,3315,9868392
2939,376,3861,3315,9868392
2939,376,3861,3315,9868392
2939,376,3861,3315,9868392
2941,376,3862,3317,9875272
2941,376,3862,3317,9875272
2941,376,3862,3317,9875272
2941,376,3862,3317,9875272
2941,376,3862,3317,9875272
2941,376,3862,3317,9875272
2941,376,3862,3317,9875272
2941,376,3862,3317,9875272
2941,376,3862,3317,9875272
2941,376,3862,3317,9875272
2941,376,3862,3317,9875272
2942,376,3864,3318,9878480
2945,376,3864,3321,9890228
2946,376,3864,3322,9895548
2947,376,3864,3323,9898334
2948,376,3864,3324,9901746
2948,376,3864,3324,9901746
2948,376,3864,3324,9901746
2948,376,3864,3324,9901746
2948,376,3868,3324,9901746
2948,376,3868,3324,9901746
2948,376,3871,3324,9901746
2948,376,3874,3324,9901746
2948,376,3875,3324,9901746
2948,376,3876,3324,9901746
2948,376,3877,3324,9901746
2948,376,3877,3324,9901746
2950,376,3878,3326,9907543
2952,376,3878,3328,9913464
2954,376,3878,3330,9919322
2956,376,3878,3332,9926360
2956,376,3881,3332,9926360
2956,376,3883,3332,9926360
2959,376,3883,3335,9934751
2960,376,3883,3336,9939409
2963,376,3883,3339,9949575
2964,376,3883,3340,9952084
2967,376,3884,3343,9957374
2968,377,3887,3345,9963362
2968,377,3891,3345,9963362
2968,377,3894,3345,9963362
2968,377,3897,3345,9963362
2968,377,3899,3345,9963362
2968,377,3903,3345,9963362
2968,377,3904,3345,9963362
2968,377,3907,3345,9963362
2968,377,3910,3345,9963362
2968,377,3912,3345,9963362
2968,377,3914,3345,9963362
2968,377,3918,3345,9963362
2968,377,3919,3345,9963362
2968,377,3922,3345,9963362
2968,377,3924,3345,9963362
2968,377,3926,3345,9963362
2968,377,3927,3345,9963362
2968,377,3930,3345,9963362
2968,377,3933,3345,9963362
2970,377,3934,3347,9969783
2970,377,3937,3347,9969783
2970,377,3938,3347,9969783
2973,377,3938,3350,9977132
2975,377,3938,3352,9983053
2977,377,3938,3354,9988911
2979,377,3938,3356,9995949
2981,377,3939,3358,10002788
2982,377,3939,3359,10007446
2984,377,3939,3361,10014246
2986,377,3939,3363,10022301
2986,377,3939,3363,10022301
2986,377,3939,3363,10022301
2986,377,3939,3363,10022301
2989,377,3939,3366,10030692
2990,377,3939,3367,10033443
2991,377,3939,3368,10036525
2992,377,3939,3369,10039760
2992,377,3939,3369,10039760
2992,377,3939,3369,10039760
2993,377,3941,3370,10043253
2993,377,3941,3370,10043253
2993,377,3941,3370,10043253
2996,377,3941,3373,10050378
2996,377,3941,3373,10050378
2997,377,3943,3374,10054608
2999,377,3943,3376,10061646
3002,377,3944,3379,10071836
3005,377,3945,3382,10080109
3005,377,3948,3382,10080109
3005,377,3949,3382,10080109
3005,377,3950,3382,10080109
3005,377,3951,3382,10080109
3005,377,3951,3382,10080109
3005,377,3951,3382,10080109
3005,377,3954,3382,10080109
3005,377,3957,3382,10080109
3005,377,3960,3382,10080109
3005,377,3963,3382,10080109
3005,377,3966,3382,10080109
3005,377,3969,3382,10080109
3005,377,3972,3382,10080109
3005,377,3975,3382,10080109
3005,377,3978,3382,10080109
3008,377,3978,3385,10088667
3009,377,3978,3386,10091470
3011,377,3978,3388,10097754
3012,377,3980,3389,10101179
3013,377,3981,3390,10103581
3015,377,3982,3392,10109378
3017,377,3982,3394,10115299
3019,377,3982,3396,10121157
3021,377,3982,3398,10128195
3023,377,3983,3400,10134659
3024,377,3983,3401,10138501
3028,377,3983,3405,10149669
3029,377,3983,3406,10153339
3030,377,3983,3407,10156448
3030,377,3983,3407,10156448
3030,377,3983,3407,10156448
3030,377,3983,3407,10156448
3030,378,3985,3408,10159728
3030,378,3988,3408,10159728
3030,378,3991,3408,10159728
3030,378,3994,3408,10159728
3030,378,3997,3408,10159728
3030,378,4000,3408,10159728
3030,378,4003,3408,10159728
3030,378,4006,3408,10159728
3030,378,4009,3408,10159728
3030,378,4012,3408,10159728
3030,378,4015,3408,10159728
3030,378,4018,3408,10159728
3030,378,4021,3408,10159728
3030,378,4024,3408,10159728
3030,378,4027,3408,10159728
3030,378,4030,3408,10159728
3030,378,4033,3408,10159728
3030,378,4036,3408,10159728
3030,378,4039,3408,10159728
3032,378,4040,3410,10165649
3034,378,4040,3412,10171507
3035,378,4040,3413,10173767
3037,378,4041,3415,10179564
3037,378,4044,3415,10179564
3037,378,4045,3415,10179564
3037,378,4046,3415,10179564
3037,378,4048,3415,10179564
3039,378,4049,3417,10185361
3041,378,4049,3419,10191282
3043,378,4049,3421,10197140
3045,378,4049,3423,10204178
3045,378,4052,3423,10204178
3045,378,4055,3423,10204178
3045,378,4058,3423,10204178
3045,378,4061,3423,10204178
3045,378,4064,3423,10204178
3045,378,4067,3423,10204178
3045,378,4070,3423,10204178
3045,378,4073,3423,10204178
3045,378,4076,3423,10204178
3045,378,4079,3423,10204178
3045,378,4082,3423,10204178
3045,378,4085,3423,10204178
3045,378,4088,3423,10204178
3045,378,4091,3423,10204178
3045,378,4094,3423,10204178
3045,378,4097,3423,10204178
3045,378,4100,3423,10204178
3045,378,4103,3423,10204178
3045,378,4106,3423,10204178
3045,378,4109,3423,10204178
3045,378,4112,3423,10204178
3045,378,4112,3423,10204178
3045,378,4112,3423,10204178
3045,378,4115,3423,10204178
3045,378,4118,3423,10204178
3045,378,4121,3423,10204178
3045,378,4124,3423,10204178
3045,378,4127,3423,10204178
3045,378,4130,3423,10204178
3047,378,4131,3425,10210430
3048,378,4131,3426,10214412
3050,378,4132,3428,10219449
3050,378,4132,3428,10219449
3050,378,4132,3428,10219449
3050,378,4132,3428,10219449
3051,378,4134,3429,10222822
3051,378,4137,3429,10222822
3051,378,4137,3429,10222822
3051,378,4140,3429,10222822
3053,378,4141,3431,10228548
3054,378,4143,3432,10231179
3054,378,4143,3432,10231179
3054,378,4143,3432,10231179
3054,378,4143,3432,10231179
3058,378,4143,3436,10242405
3059,378,4143,3437,10245146
3060,378,4143,3438,10248011
3061,378,4143,3439,10251376
3061,378,4143,3439,10251376
3061,378,4143,3439,10251376
3061,378,4143,3439,10251376
3061,378,4146,3439,10251376
3061,378,4149,3439,10251376
3061,378,4153,3439,10251376
3061,378,4153,3439,10251376
3063,378,4154,3441,10258382
3065,378,4154,3443,10262951
3065,378,4154,3443,10262951
3068,378,4154,3446,10271509
3071,378,4155,3449,10281699
3072,378,4155,3450,10285220
3075,378,4155,3453,10293493
3079,378,4155,3457,10305235
3080,378,4155,3458,10308756
3083,378,4155,3461,10317029
3083,378,4155,3461,10317029
3083,378,4155,3461,10317029
3083,378,4155,3461,10317029
3085,378,4156,3463,10322826
3087,378,4156,3465,10328747
3089,378,4156,3467,10334605
3089,378,4159,3467,10334605
3089,378,4162,3467,10334605
3089,378,4163,3467,10334605
3089,378,4164,3467,10334605
3092,378,4164,3470,10341730
3092,378,4164,3470,10341730
3095,378,4165,3473,10351346
3096,378,4165,3474,10354625
3096,378,4165,3474,10354625
3098,378,4166,3476,10360422
3101,378,4166,3479,10368395
3102,378,4166,3480,10371020
3102,378,4166,3480,10371020
3102,378,4166,3480,10371020
3104,378,4167,3482,10376307
3105,378,4167,3483,10380649
3106,378,4167,3484,10383056
3106,378,4170,3484,10383056
3106,378,4173,3484,10383056
3109,378,4174,3487,10392672
3112,378,4174,3490,10401688
3112,378,4174,3490,10401688
3112,378,4174,3490,10401688
3112,378,4177,3490,10401688
3112,378,4180,3490,10401688
3112,378,4180,3490,10401688
3112,378,4183,3490,10401688
3112,378,4183,3490,10401688
3112,378,4183,3490,10401688
3112,378,4183,3490,10401688
3112,378,4186,3490,10401688
3112,378,4189,3490,10401688
3112,378,4189,3490,10401688
3112,378,4189,3490,10401688
3112,378,4189,3490,10401688
3112,378,4189,3490,10401688
3115,378,4189,3493,10409037
3117,378,4189,3495,10414958
3119,378,4189,3497,10420816
3122,378,4190,3500,10430490
3125,378,4190,3503,10438881
3127,378,4191,3505,10445794
3129,378,4191,3507,10452653
3130,378,4191,3508,10455380
3130,378,4191,3508,10455380
3131,378,4193,3509,10460008
3134,378,4193,3512,10467226
3136,378,4194,3514,10472561
3137,378,4194,3515,10475846
3140,378,4194,3518,10483195
3142,378,4194,3520,10489116
3144,378,4194,3522,10494974
3146,378,4194,3524,10502012
3149,378,4195,3527,10511686
3150,378,4195,3528,10514427
3151,378,4195,3529,10517292
3151,378,4195,3529,10517292
3151,378,4195,3529,10517292
3151,378,4195,3529,10517292
3151,378,4195,3529,10517292
3151,378,4195,3529,10517292
3151,378,4195,3529,10517292
3151,378,4198,3529,10517292
3151,378,4201,3529,10517292
3151,378,4204,3529,10517292
3151,378,4208,3529,10517292
3151,378,4212,3529,10517292
3151,378,4216,3529,10517292
3151,378,4220,3529,10517292
3151,378,4224,3529,10517292
3151,378,4228,3529,10517292
3151,378,4231,3529,10517292
3151,378,4234,3529,10517292
3151,378,4237,3529,10517292
3151,378,4240,3529,10517292
3151,378,4243,3529,10517292
3151,378,4246,3529,10517292
3151,378,4249,3529,10517292
3151,378,4252,3529,10517292
3154,378,4252,3532,10525850
3154,379,4252,3533,10528748
3157,379,4252,3536,10537180
3160,379,4252,3539,10544376
3160,379,4255,3539,10544376
3160,379,4258,3539,10544376
3160,379,4261,3539,10544376
3160,379,4264,3539,10544376
3160,379,4267,3539,10544376
3160,379,4270,3539,10544376
3160,379,4273,3539,10544376
3160,379,4276,3539,10544376
3160,379,4279,3539,10544376
3160,379,4282,3539,10544376
3162,379,4283,3541,10550847
3163,380,4283,3543,10556513
3164,380,4283,3544,10560949
3164,381,4283,3545,10564553
3164,381,4283,3545,10564553
3164,381,4283,3545,10564553
3166,381,4284,3547,10570350
3168,381,4284,3549,10576271
3170,381,4284,3551,10582129
3172,381,4284,3553,10589167
3175,381,4284,3556,10596385
3175,381,4287,3556,10596385
3175,381,4290,3556,10596385
3175,381,4293,3556,10596385
3176,381,4296,3557,10600909
3178,381,4297,3559,10606706
3180,381,4298,3561,10611810
3181,381,4300,3562,10615326
3181,381,4303,3562,10615326
3183,381,4304,3564,10621790
3185,381,4304,3566,10627175
3187,381,4305,3568,10632183
3189,381,4305,3570,10638551
3190,381,4305,3571,10641109
3190,381,4305,3571,10641109
3190,381,4308,3571,10641109
3190,381,4310,3571,10641109
3190,381,4312,3571,10641109
3190,381,4316,3571,10641109
3190,381,4317,3571,10641109
3190,381,4320,3571,10641109
3192,381,4321,3573,10646656
3193,381,4321,3574,10650358
3196,381,4321,3577,10657618
3196,381,4324,3577,10657618
3196,381,4328,3577,10657618
3196,381,4331,3577,10657618
3198,381,4333,3579,10660866
3200,381,4333,3581,10665288
3201,381,4333,3582,10668990
3201,381,4336,3582,10668990
3202,381,4336,3583,10672868
3202,381,4336,3583,10672868
3202,381,4336,3583,10672868
3202,381,4336,3583,10672868
3202,381,4336,3583,10672868
3203,381,4338,3584,10675978
3205,381,4339,3586,10682230
3207,381,4340,3588,10687135
3208,381,4340,3589,10690640
3209,381,4342,3590,10694622
3209,381,4345,3590,10694622
3209,381,4345,3590,10694622
3209,381,4345,3590,10694622
3211,381,4346,3592,10700419
3213,381,4346,3594,10706340
3215,381,4346,3596,10712198
3217,381,4346,3598,10719236
3217,381,4349,3598,10719236
3217,381,4352,3598,10719236
3217,381,4355,3598,10719236
3217,381,4358,3598,10719236
3219,381,4358,3600,10723805
3219,381,4358,3600,10723805
3219,381,4358,3600,10723805
3223,381,4358,3604,10730647
3226,381,4359,3607,10740126
3228,381,4359,3609,10745341
3229,381,4359,3610,10748153
3230,381,4359,3611,10750709
3232,381,4360,3613,10755393
3234,381,4361,3615,10760334
3234,381,4364,3615,10760334
3234,381,4367,3615,10760334
3235,381,4367,3616,10762993
3237,381,4368,3618,10769414
3238,381,4368,3619,10773701
3240,381,4368,3621,10778871
3243,381,4369,3624,10788545
3244,381,4369,3625,10792828
3245,381,4369,3626,10797108
3246,381,4371,3627,10799849
3247,381,4371,3628,10802714
3247,381,4374,3628,10802714
3247,381,4377,3628,10802714
3247,381,4381,3628,10802714
3250,381,4381,3631,10810063
3252,381,4381,3633,10815984
3254,381,4381,3635,10821842
3256,381,4381,3637,10828880
3258,381,4382,3639,10834427
3260,381,4382,3641,10839167
3261,381,4382,3642,10843759
3263,381,4382,3644,10850623
3263,381,4385,3644,10850623
3263,381,4388,3644,10850623
3263,381,4392,3644,10850623
3263,381,4395,3644,10850623
3263,381,4398,3644,10850623
3263,381,4401,3644,10850623
3263,381,4404,3644,10850623
3263,381,4407,3644,10850623
3263,381,4410,3644,10850623
3263,381,4413,3644,10850623
3263,381,4417,3644,10850623
3263,381,4420,3644,10850623
3263,381,4423,3644,10850623
3265,381,4424,3646,10857044
3267,381,4424,3648,10862757
3267,381,4424,3648,10862757
3267,381,4424,3648,10862757
3267,381,4424,3648,10862757
3267,381,4428,3648,10862757
3271,381,4428,3652,10873925
3272,381,4428,3653,10877595
3274,381,4428,3655,10885501
3278,381,4428,3659,10896727
3279,381,4428,3660,10900222
3279,381,4428,3660,10900222
3281,381,4429,3662,10904863
3281,381,4432,3662,10904863
3281,381,4434,3662,10904863
3281,381,4436,3662,10904863
3281,381,4440,3662,10904863
3281,381,4441,3662,10904863
3281,381,4444,3662,10904863
3284,381,4444,3665,10913421
3284,382,4444,3666,10916001
3284,383,4444,3667,10919461
3284,383,4444,3667,10919461
3284,383,4444,3667,10919461
3284,383,4444,3667,10919461
3284,383,4444,3667,10919461
3284,383,4444,3667,10919461
3286,383,4445,3669,10926374
3287,383,4445,3670,10928751
3287,383,4445,3670,10928751
3287,383,4445,3670,10928751
3287,383,4445,3670,10928751
3287,383,4448,3670,10928751
3287,383,4449,3670,10928751
3287,383,4449,3670,10928751
3287,383,4452,3670,10928751
3287,383,4454,3670,10928751
3287,383,4455,3670,10928751
3287,383,4458,3670,10928751
3287,383,4460,3670,10928751
3287,383,4460,3670,10928751
3287,383,4460,3670,10928751
3287,383,4460,3670,10928751
3289,383,4461,3672,10934038
3292,383,4461,3675,10945786
3293,383,4461,3676,10951106
3294,383,4461,3677,10953892
3295,383,4461,3678,10957304
3295,383,4461,3678,10957304
3295,383,4461,3678,10957304
3295,383,4461,3678,10957304
3295,383,4465,3678,10957304
3295,383,4466,3678,10957304
3295,383,4467,3678,10957304
3295,383,4467,3678,10957304
3298,383,4468,3681,10966920
3300,383,4468,3683,10972185
3302,383,4468,3685,10979207
3303,383,4468,3686,10982847
3303,383,4468,3686,10982847
3303,383,4468,3686,10982847
3303,383,4471,3686,10982847
3303,383,4474,3686,10982847
3303,383,4476,3686,10982847
3303,383,4478,3686,10982847
3303,383,4481,3686,10982847
3303,383,4482,3686,10982847
3304,383,4482,3687,10986340
3307,383,4482,3690,10994313
3309,383,4482,3692,10999765
3310,384,4483,3694,11004536
3313,384,4483,3697,11013094
3315,384,4483,3699,11018999
3317,384,4484,3701,11025420
3319,384,4484,3703,11032279
3320,384,4484,3704,11034981
3323,384,4484,3707,11042954
3325,384,4484,3709,11048406
3327,384,4485,3711,11055412
3327,385,4485,3712,11057847
3327,387,4485,3714,11065121
3328,387,4485,3715,11067672
3331,387,4485,3718,11076230
3332,387,4485,3719,11079033
3333,387,4485,3720,11082458
3335,387,4485,3722,11086798
3338,387,4486,3725,11096988
3339,387,4486,3726,11100509
3342,387,4486,3729,11108782
3342,387,4486,3729,11108782
3342,387,4486,3729,11108782
3342,387,4486,3729,11108782
3342,387,4490,3729,11108782
3342,387,4491,3729,11108782
3343,387,4491,3730,11111647
3343,387,4494,3730,11111647
3344,387,4495,3731,11115749
3346,387,4495,3733,11121607
3348,387,4495,3735,11128645
3351,387,4495,3738,11137036
3351,388,4495,3739,11140267
3351,388,4495,3739,11140267
3354,388,4495,3742,11148825
3355,388,4495,3743,11151628
3356,388,4495,3744,11155053
3358,388,4495,3746,11159393
3361,388,4496,3749,11164683
3363,388,4496,3751,11169345
3364,388,4496,3752,11173282
3364,388,4496,3752,11173282
3364,388,4499,3752,11173282
3364,388,4501,3752,11173282
3364,388,4503,3752,11173282
3364,388,4505,3752,11173282
3364,388,4505,3752,11173282
3364,388,4505,3752,11173282
3364,388,4505,3752,11173282
3364,388,4508,3752,11173282
3364,388,4509,3752,11173282
3365,388,4511,3753,11176615
3366,388,4511,3754,11180005
3368,388,4511,3756,11182697
3369,388,4511,3757,11183851
3372,388,4511,3760,11191324
3373,390,4512,3763,11198604
3373,390,4512,3763,11198604
3373,390,4512,3763,11198604
3376,390,4512,3766,11207162
3378,390,4513,3768,11212959
3380,390,4513,3770,11218880
3382,390,4513,3772,11224738
3384,390,4513,3774,11231776
3384,390,4516,3774,11231776
3386,390,4517,3776,11236345
3389,390,4517,3779,11244318
3391,390,4517,3781,11249770
3392,390,4517,3782,11253063
3392,390,4517,3782,11253063
3394,390,4518,3784,11260069
3397,390,4518,3787,11269023
3398,390,4518,3788,11272072
3401,390,4518,3791,11278585
3403,390,4518,3793,11284674
3405,390,4518,3795,11290132
3406,390,4518,3796,11293340
3407,390,4518,3797,11296321
3407,390,4518,3797,11296321
3407,390,4518,3797,11296321
3407,390,4518,3797,11296321
3409,390,4519,3799,11302118
3411,390,4520,3801,11308370
3412,390,4520,3802,11311351
3413,390,4522,3803,11314560
3414,390,4524,3804,11318416
3414,390,4527,3804,11318416
3417,390,4528,3807,11328606
3419,390,4528,3809,11333525
3420,390,4530,3810,11336037
3421,390,4530,3811,11339441
3423,390,4531,3813,11345673
3424,390,4531,3814,11348638
3424,390,4531,3814,11348638
3427,390,4531,3817,11356102
3428,390,4531,3818,11359005
3428,390,4531,3818,11359005
3430,390,4533,3820,11366603
3430,390,4536,3820,11366603
3432,390,4537,3822,11372400
3434,390,4537,3824,11378321
3437,390,4537,3827,11386125
3438,390,4537,3828,11389992
3438,390,4537,3828,11389992
3438,390,4537,3828,11389992
3438,390,4537,3828,11389992
3440,390,4538,3830,11395789
3442,390,4538,3832,11401710
3443,390,4538,3833,11405134
3446,390,4538,3836,11413692
3447,390,4538,3837,11416495
3448,390,4538,3838,11419920
3450,390,4538,3840,11424260
3450,390,4538,3840,11424260
3450,390,4538,3840,11424260
3452,390,4539,3842,11430057
3454,390,4539,3844,11435978
3456,390,4539,3846,11441836
3458,390,4539,3848,11448874
3458,391,4541,3849,11451967
3458,391,4541,3849,11451967
3458,391,4541,3849,11451967
3458,391,4544,3849,11451967
3459,391,4545,3850,11455912
3463,391,4545,3854,11467654
3464,391,4545,3855,11471175
3464,392,4545,3856,11474220
3464,393,4545,3857,11477099
3464,393,4545,3857,11477099
3464,393,4545,3857,11477099
3464,393,4545,3857,11477099
3464,393,4545,3857,11477099
3464,393,4545,3857,11477099
3467,393,4546,3860,11485372
3467,393,4546,3860,11485372
3469,393,4547,3862,11491169
3471,393,4547,3864,11497090
3474,393,4547,3867,11505522
3477,393,4547,3870,11512871
3477,394,4547,3871,11516772
3479,394,4548,3873,11521733
3480,394,4548,3874,11525123
3482,394,4548,3876,11527815
3483,394,4548,3877,11528969
3483,394,4548,3877,11528969
3483,394,4548,3877,11528969
3486,394,4548,3880,11536318
3488,394,4548,3882,11542239
3490,394,4548,3884,11548097
3492,394,4548,3886,11555135
3494,394,4549,3888,11560143
3496,394,4549,3890,11566244
3497,394,4549,3891,11569414
3497,394,4549,3891,11569414
3497,394,4549,3891,11569414
3500,394,4549,3894,11576763
3502,394,4549,3896,11582098
3502,394,4549,3896,11582098
3502,394,4549,3896,11582098
3504,394,4550,3898,11587385
3507,394,4550,3901,11599133
3508,394,4550,3902,11604136
3508,394,4550,3902,11604136
3508,394,4550,3902,11604136
3508,394,4550,3902,11604136
3508,394,4553,3902,11604136
3509,394,4554,3903,11608238
3511,394,4554,3905,11614096
3513,394,4554,3907,11621134
3516,394,4554,3910,11628483
3518,394,4554,3912,11634404
3520,394,4554,3914,11640262
3521,394,4556,3915,11643134
3521,394,4559,3915,11643134
3521,394,4562,3915,11643134
3521,394,4565,3915,11643134
3521,394,4568,3915,11643134
3521,394,4571,3915,11643134
3521,394,4574,3915,11643134
3521,394,4577,3915,11643134
3521,394,4580,3915,11643134
3521,394,4583,3915,11643134
3521,394,4586,3915,11643134
3521,394,4589,3915,11643134
3521,394,4592,3915,11643134
3521,394,4595,3915,11643134
3521,394,4598,3915,11643134
3521,394,4601,3915,11643134
3521,394,4604,3915,11643134
3521,394,4607,3915,11643134
3521,394,4610,3915,11643134
3521,394,4610,3915,11643134
3524,394,4610,3918,11651578
3528,394,4610,3922,11663320
3530,394,4610,3924,11668239
3530,395,4610,3925,11671204
3530,395,4610,3925,11671204
3530,395,4610,3925,11671204
3530,395,4610,3925,11671204
3533,395,4611,3928,11680878
3534,395,4611,3929,11683619
3535,395,4611,3930,11686484
3535,395,4611,3930,11686484
3535,395,4611,3930,11686484
3535,395,4611,3930,11686484
3535,395,4611,3930,11686484
3539,395,4611,3934,11698226
3539,395,4614,3934,11698226
3539,395,4617,3934,11698226
3540,395,4619,3935,11701747
3543,395,4619,3938,11710020
3543,395,4619,3938,11710020
3543,395,4619,3938,11710020
3543,395,4619,3938,11710020
3546,395,4619,3941,11717369
3547,395,4619,3942,11721269
3547,396,4619,3943,11723896
3549,396,4620,3945,11728857
3550,396,4620,3946,11732247
3552,396,4620,3948,11734939
3553,396,4620,3949,11736093
3556,396,4620,3952,11742606
3557,396,4620,3953,11745996
3559,396,4620,3955,11748688
3562,396,4621,3958,11758304
3564,396,4621,3960,11763569
3566,396,4621,3962,11770591
3566,397,4621,3963,11775091
3570,397,4621,3967,11786833
3572,397,4622,3969,11792840
3574,397,4622,3971,11798839
3576,397,4623,3973,11803893
3576,397,4627,3973,11803893
3578,397,4628,3975,11809690
3580,397,4629,3977,11814651
3581,397,4629,3978,11818041
3583,397,4629,3980,11820733
3584,397,4629,3981,11821887
3584,397,4633,3981,11821887
3584,397,4638,3981,11821887
3587,397,4638,3984,11827975
3590,397,4638,3987,11835324
3592,397,4638,3989,11841245
3594,397,4638,3991,11847103
3597,397,4639,3994,11852393
3599,397,4639,3996,11857055
3601,397,4639,3998,11864443
3601,397,4639,3998,11864443
3601,397,4639,3998,11864443
3601,397,4639,3998,11864443
3601,397,4639,3998,11864443
3601,397,4639,3998,11864443
3604,397,4639,4001,11872247
3605,398,4639,4003,11878025
3608,398,4639,4006,11886041
3609,398,4639,4007,11889883
3611,398,4640,4009,11895170
3614,398,4640,4012,11906918
3616,398,4641,4014,11912715
3618,398,4641,4016,11918636
3620,398,4641,4018,11924494
3621,398,4643,4019,11929497
3624,398,4643,4022,11936846
3626,398,4645,4024,11945448
3627,398,4645,4025,11950122
3628,398,4647,4026,11954353
3631,398,4648,4029,11964027
3632,398,4648,4030,11966768
3633,398,4648,4031,11969633
3636,398,4648,4034,11977606
3638,398,4648,4036,11983058
3639,398,4648,4037,11986351
3643,398,4649,4041,11996335
3646,398,4650,4044,12006009
3648,398,4651,4046,12011556
3649,398,4651,4047,12015258
3652,398,4651,4050,12022518
3652,398,4651,4050,12022518
3654,398,4652,4052,12029524
3655,398,4652,4053,12032327
3656,398,4652,4054,12035752
3657,398,4653,4055,12038154
3657,398,4656,4055,12038154
3657,398,4658,4055,12038154
3657,398,4659,4055,12038154
3657,398,4662,4055,12038154
3657,398,4663,4055,12038154
3657,398,4667,4055,12038154
3657,398,4667,4055,12038154
3657,399,4669,4056,12041099
3657,401,4669,4058,12047333
3657,402,4669,4059,12049935
3657,402,4669,4059,12049935
3660,402,4669,4062,12056448
3661,402,4669,4063,12059838
3663,402,4669,4065,12062530
3665,402,4670,4067,12069536
3668,402,4670,4070,12078490
3669,402,4670,4071,12081539
3669,402,4673,4071,12081539
3672,402,4673,4074,12088757
3673,402,4676,4075,12093281
3673,402,4679,4075,12093281
3673,402,4682,4075,12093281
3673,402,4684,4075,12093281
3673,402,4686,4075,12093281
3673,402,4688,4075,12093281
3673,402,4692,4075,12093281
3673,402,4693,4075,12093281
3673,402,4696,4075,12093281
3673,402,4696,4075,12093281
3673,402,4696,4075,12093281
3673,402,4696,4075,12093281
3676,402,4696,4078,12100630
3678,402,4696,4080,12106551
3680,402,4696,4082,12112409
3681,402,4696,4083,12114669
3682,402,4699,4084,12118614
3682,402,4699,4084,12118614
3682,402,4703,4084,12118614
3685,402,4704,4087,12128288
3686,402,4704,4088,12131029
3686,403,4704,4089,12134078
3687,404,4704,4091,12140521
3687,404,4707,4091,12140521
3687,404,4709,4091,12140521
3687,404,4712,4091,12140521
3687,404,4715,4091,12140521
3687,404,4716,4091,12140521
3687,404,4720,4091,12140521
3687,404,4723,4091,12140521
3687,404,4727,4091,12140521
3687,404,4727,4091,12140521
3687,404,4727,4091,12140521
3687,404,4730,4091,12140521
3687,404,4733,4091,12140521
3687,404,4734,4091,12140521
3687,404,4734,4091,12140521
3687,404,4738,4091,12140521
3689,404,4739,4093,12147527
3690,404,4739,4094,12150330
3691,404,4739,4095,12153684
3694,404,4739,4098,12162242
3695,404,4739,4099,12165045
3696,404,4739,4100,12168470
3698,404,4739,4102,12172810
3701,404,4740,4105,12178100
3703,404,4740,4107,12182762
3704,404,4740,4108,12186699
3704,404,4740,4108,12186699
3708,404,4740,4112,12197867
3709,404,4740,4113,12201537
3710,404,4740,4114,12204646
3712,404,4741,4116,12211652
3715,404,4741,4119,12220606
3716,404,4741,4120,12223655
3716,404,4741,4120,12223655
3718,404,4742,4122,12228616
3719,404,4742,4123,12232006
3721,404,4742,4125,12234698
3722,404,4742,4126,12235852
3725,404,4742,4129,12244410
3726,404,4742,4130,12247213
3727,404,4742,4131,12250638
3729,404,4742,4133,12254978
3729,404,4745,4133,12254978
3729,404,4745,4133,12254978
3729,404,4745,4133,12254978
3731,404,4746,4135,12260775
3733,404,4746,4137,12266696
3735,404,4746,4139,12272554
3737,404,4746,4141,12279592
3740,404,4746,4144,12286941
3742,404,4746,4146,12292862
3744,404,4746,4148,12298720
3745,404,4746,4149,12300980
3747,404,4748,4151,12308018
3747,404,4748,4151,12308018
3747,404,4748,4151,12308018
3747,404,4748,4151,12308018
3747,404,4748,4151,12308018
3747,404,4748,4151,12308018
3747,404,4751,4151,12308018
3747,404,4754,4151,12308018
3747,404,4757,4151,12308018
3747,404,4757,4151,12308018
3750,404,4758,4154,12317692
3752,404,4758,4156,12324294
3752,404,4758,4156,12324294
3752,404,4758,4156,12324294
3752,404,4758,4156,12324294
3752,404,4758,4156,12324294
3752,404,4758,4156,12324294
3752,404,4758,4156,12324294
3752,404,4761,4156,12324294
3752,404,4761,4156,12324294
3752,404,4761,4156,12324294
3752,404,4761,4156,12324294
3752,404,4761,4156,12324294
3752,404,4761,4156,12324294
3752,404,4761,4156,12324294
3752,404,4761,4156,12324294
3752,404,4761,4156,12324294
3753,404,4763,4157,12327627
3755,404,4763,4159,12332075
3756,404,4763,4160,12335479
3756,405,4765,4161,12338073
3756,405,4765,4161,12338073
3756,405,4765,4161,12338073
3756,405,4768,4161,12338073
3756,405,4771,4161,12338073
3756,405,4774,4161,12338073
3756,405,4777,4161,12338073
3756,405,4777,4161,12338073
3756,405,4777,4161,12338073
3758,405,4778,4163,12342810
3758,405,4781,4163,12342810
3758,405,4784,4163,12342810
3758,405,4787,4163,12342810
3758,405,4790,4163,12342810
3758,405,4793,4163,12342810
3758,405,4796,4163,12342810
3758,405,4799,4163,12342810
3758,405,4802,4163,12342810
3758,405,4805,4163,12342810
3758,405,4805,4163,12342810
3758,405,4805,4163,12342810
3758,405,4805,4163,12342810
3758,405,4805,4163,12342810
3758,405,4805,4163,12342810
3758,405,4805,4163,12342810
3758,406,4807,4164,12345578
3758,406,4807,4164,12345578
3758,406,4810,4164,12345578
3758,406,4813,4164,12345578
3758,406,4816,4164,12345578
3758,406,4819,4164,12345578
3758,406,4822,4164,12345578
3758,406,4825,4164,12345578
3758,406,4828,4164,12345578
3758,406,4831,4164,12345578
3758,406,4834,4164,12345578
3758,406,4837,4164,12345578
3758,406,4840,4164,12345578
3758,406,4843,4164,12345578
3759,406,4845,4165,12348852
3762,406,4845,4168,12355365
3764,406,4845,4170,12359813
3765,406,4845,4171,12363217
3767,406,4846,4173,12369014
3769,406,4846,4175,12374935
3770,406,4847,4176,12379165
3772,406,4847,4178,12386203
3773,406,4849,4179,12388796
3773,406,4852,4179,12388796
3773,406,4855,4179,12388796
3773,406,4858,4179,12388796
3773,406,4861,4179,12388796
3773,406,4864,4179,12388796
3773,406,4867,4179,12388796
3773,406,4870,4179,12388796
3773,406,4873,4179,12388796
3773,406,4876,4179,12388796
3773,406,4879,4179,12388796
3773,406,4882,4179,12388796
3774,407,4883,4181,12393794
3774,407,4886,4181,12393794
3774,407,4889,4181,12393794
3776,407,4890,4183,12400633
3776,407,4892,4183,12400633
3776,407,4892,4183,12400633
3776,407,4895,4183,12400633
3776,407,4898,4183,12400633
3776,407,4901,4183,12400633
3776,408,4902,4184,12404374
3779,408,4902,4187,12410207
3782,408,4902,4190,12416040
3785,408,4902,4193,12424598
3786,408,4902,4194,12427401
3789,408,4903,4197,12437591
3790,408,4903,4198,12441112
3793,408,4903,4201,12449385
3796,408,4903,4204,12457943
3798,408,4904,4206,12463740
3801,408,4905,4209,12473930
3802,408,4905,4210,12477451
3805,408,4905,4213,12485724
3805,408,4905,4213,12485724
3809,408,4905,4217,12497466
3811,408,4905,4219,12503698
3811,408,4905,4219,12503698
3811,408,4905,4219,12503698
3811,408,4905,4219,12503698
3811,408,4905,4219,12503698
3811,408,4905,4219,12503698
3811,408,4905,4219,12503698
3813,408,4906,4221,12509495
3813,410,4906,4223,12516269
3813,410,4906,4223,12516269
3813,410,4906,4223,12516269
3813,410,4906,4223,12516269
3813,410,4906,4223,12516269
3813,410,4906,4223,12516269
3815,410,4907,4225,12521210
3816,410,4910,4226,12523951
3816,410,4914,4226,12523951
3816,410,4917,4226,12523951
3816,410,4920,4226,12523951
3818,410,4922,4228,12531549
3818,410,4926,4228,12531549
3818,410,4930,4228,12531549
3818,410,4933,4228,12531549
3818,410,4936,4228,12531549
3818,410,4939,4228,12531549
3818,410,4942,4228,12531549
3818,410,4945,4228,12531549
3818,410,4948,4228,12531549
3818,410,4952,4228,12531549
3822,410,4952,4232,12542775
3824,410,4952,4234,12549196
3824,410,4952,4234,12549196
3824,410,4952,4234,12549196
3824,410,4952,4234,12549196
3824,410,4952,4234,12549196
3824,410,4952,4234,12549196
3824,410,4952,4234,12549196
3824,410,4952,4234,12549196
3826,410,4953,4236,12554993
3828,410,4953,4238,12560328
3829,410,4953,4239,12564547
3829,411,4953,4240,12567923
3829,411,4953,4240,12567923
3829,411,4953,4240,12567923
3832,411,4953,4243,12575272
3834,411,4953,4245,12581193
3836,411,4953,4247,12587051
3837,411,4953,4248,12589923
3837,411,4953,4248,12589923
3840,411,4954,4251,12599597
3841,411,4954,4252,12602338
3842,411,4954,4253,12605203
3842,411,4954,4253,12605203
3842,411,4954,4253,12605203
3844,411,4955,4255,12610211
3845,411,4957,4256,12614717
3849,411,4957,4260,12625885
3851,411,4957,4262,12631760
3852,411,4959,4263,12636334
3856,411,4959,4267,12647560
3856,411,4962,4267,12647560
3857,411,4964,4268,12651055
3857,411,4967,4268,12651055
3859,411,4968,4270,12656852
3861,411,4969,4272,12662425
3861,411,4969,4272,12662425
3864,411,4969,4275,12669524
3865,411,4969,4276,12673226
3868,411,4970,4279,12680486
3870,411,4971,4281,12687325
3871,411,4971,4282,12691983
3872,411,4971,4283,12695932
3875,411,4971,4286,12702445
3876,411,4971,4287,12705835
3878,411,4971,4289,12708527
3879,411,4971,4290,12709681
3882,411,4972,4293,12719871
3884,411,4972,4295,12724790
3885,411,4972,4296,12727685
3885,411,4975,4296,12727685
3885,412,4977,4297,12730926
3887,412,4978,4299,12736723
3888,412,4978,4300,12740623
3889,412,4978,4301,12743249
3894,412,4978,4306,12750275
3897,412,4978,4309,12756511
3898,413,4978,4311,12763458
3898,414,4978,4312,12767595
3898,414,4978,4312,12767595
3900,414,4979,4314,12774601
3901,414,4979,4315,12777404
3901,414,4982,4315,12777404
3901,414,4984,4315,12777404
3901,414,4986,4315,12777404
3901,414,4987,4315,12777404
3901,414,4991,4315,12777404
3901,414,4991,4315,12777404
3901,414,4991,4315,12777404
3901,414,4995,4315,12777404
3901,414,4997,4315,12777404
3901,414,4999,4315,12777404
3901,414,5001,4315,12777404
3901,414,5004,4315,12777404
3901,414,5005,4315,12777404
3901,414,5008,4315,12777404
3901,414,5009,4315,12777404
3901,414,5013,4315,12777404
3901,414,5015,4315,12777404
3901,414,5017,4315,12777404
3901,414,5019,4315,12777404
3904,414,5019,4318,12783597
3906,414,5020,4320,12789241
3908,414,5020,4322,12793581
3911,414,5020,4325,12802139
3912,414,5020,4326,12804942
3913,414,5020,4327,12808367
3915,414,5020,4329,12812707
3917,414,5021,4331,12818504
3919,414,5021,4333,12824425
3921,414,5021,4335,12830283
3922,414,5023,4336,12834668
3923,414,5026,4337,12837321
3923,414,5029,4337,12837321
3923,414,5033,4337,12837321
3923,414,5036,4337,12837321
3923,414,5040,4337,12837321
3923,414,5040,4337,12837321
3923,414,5040,4337,12837321
3923,414,5043,4337,12837321
3923,414,5046,4337,12837321
3923,414,5049,4337,12837321
3923,414,5049,4337,12837321
3923,414,5052,4337,12837321
3923,415,5054,4338,12841657
3923,415,5054,4338,12841657
3923,415,5054,4338,12841657
3923,415,5057,4338,12841657
3926,415,5057,4341,12849006
3928,415,5057,4343,12854927
3930,415,5058,4345,12861933
3931,415,5058,4346,12864736
3932,415,5058,4347,12868161
3934,415,5058,4349,12872501
3936,415,5059,4351,12877462
3937,415,5059,4352,12880852
3939,415,5059,4354,12883544
3940,415,5059,4355,12884698
3943,415,5059,4358,12893256
3945,415,5059,4360,12897825
3945,415,5059,4360,12897825
3947,415,5060,4362,12903622
3949,415,5060,4364,12909543
3951,415,5060,4366,12915401
3953,415,5060,4368,12922439
3956,415,5060,4371,12929788
3958,415,5060,4373,12935709
3960,415,5060,4375,12941567
3961,415,5060,4376,12943827
3963,415,5061,4378,12948835
3964,415,5061,4379,12953341
3965,415,5061,4380,12957169
3967,415,5062,4382,12962900
3970,415,5062,4385,12973040
3973,415,5062,4388,12980389
3975,415,5062,4390,12986310
3977,415,5063,4392,12990591
3977,415,5066,4392,12990591
3978,415,5068,4393,12994821
3980,415,5069,4395,13001827
3982,415,5069,4397,13006396
3982,415,5072,4397,13006396
3982,415,5075,4397,13006396
3982,415,5078,4397,13006396
3982,415,5081,4397,13006396
3982,415,5084,4397,13006396
3982,415,5087,4397,13006396
3982,415,5090,4397,13006396
3982,415,5093,4397,13006396
3982,415,5096,4397,13006396
3982,415,5099,4397,13006396
3982,415,5102,4397,13006396
3982,415,5105,4397,13006396
3982,415,5108,4397,13006396
3982,415,5111,4397,13006396
3982,415,5114,4397,13006396
3982,415,5117,4397,13006396
3982,415,5120,4397,13006396
3982,415,5123,4397,13006396
3982,415,5126,4397,13006396
3982,415,5129,4397,13006396
3982,415,5133,4397,13006396
