server cache hits, server cache misses, client cache hits, client cache misses, bandwith
0,2,0,2,26107
0,3,0,3,45350
0,3,0,3,45350
0,3,0,3,45350
0,3,0,3,45350
0,4,1,4,62829
0,5,1,5,79517
1,6,1,7,104293
1,7,1,8,115631
1,7,1,8,115631
2,7,2,9,133109
3,7,3,10,153106
3,8,3,11,170007
3,9,3,12,180062
3,9,3,12,180062
3,9,3,12,180062
3,9,3,12,180062
3,9,3,12,180062
3,9,3,12,180062
3,9,3,12,180062
5,9,3,14,203648
5,10,3,15,222219
5,10,5,15,222219
6,10,5,16,238906
7,10,6,17,257573
7,10,6,17,257573
7,10,6,17,257573
7,10,6,17,257573
7,10,6,17,257573
7,10,6,17,257573
7,10,6,17,257573
7,10,8,17,257573
7,10,9,17,257573
8,11,9,19,282715
8,12,9,20,299709
8,13,9,21,315027
8,14,9,22,327203
8,15,10,23,343657
9,16,10,25,368474
9,17,10,26,382882
9,17,10,26,382882
9,17,10,26,382882
9,17,10,26,382882
9,18,11,27,396060
9,19,11,28,412885
9,19,11,28,412885
9,19,11,28,412885
9,19,11,28,412885
10,20,11,30,439290
10,21,11,31,455403
10,22,12,32,468181
10,23,12,33,484246
10,23,12,33,484246
10,23,14,33,484246
10,23,16,33,484246
10,23,16,33,484246
10,23,16,33,484246
10,23,16,33,484246
10,24,17,34,497513
10,25,17,35,511379
10,25,17,35,511379
10,25,19,35,511379
10,25,20,35,511379
10,25,22,35,511379
10,25,22,35,511379
10,25,22,35,511379
10,25,24,35,511379
10,25,24,35,511379
10,25,24,35,511379
10,25,24,35,511379
10,25,24,35,511379
10,25,26,35,511379
10,25,26,35,511379
10,25,26,35,511379
10,25,26,35,511379
11,26,26,37,531315
12,26,27,38,548793
14,26,27,40,572379
15,26,27,41,590949
15,26,27,41,590949
15,26,27,41,590949
17,26,27,43,617054
19,26,27,45,636428
19,27,27,46,649255
19,27,27,46,649255
19,27,27,46,649255
19,27,29,46,649255
19,27,29,46,649255
19,27,29,46,649255
19,27,29,46,649255
19,27,29,46,649255
19,27,29,46,649255
20,27,30,47,663082
20,28,30,48,679885
20,28,30,48,679885
20,28,30,48,679885
22,28,30,50,706289
22,29,30,51,716483
22,29,30,51,716483
22,29,30,51,716483
22,29,30,51,716483
24,29,30,53,742588
25,29,30,54,759488
26,29,31,55,778155
27,29,31,56,789492
27,29,31,56,789492
27,29,31,56,789492
29,29,31,58,805654
29,29,33,58,805654
29,29,35,58,805654
29,29,37,58,805654
29,29,39,58,805654
29,29,41,58,805654
30,29,42,59,822554
30,29,44,59,822554
30,29,46,59,822554
30,29,48,59,822554
30,29,50,59,822554
30,29,52,59,822554
30,29,54,59,822554
31,29,55,60,842551
32,29,56,61,859004
32,30,56,62,875947
32,31,56,63,888371
34,31,56,65,911957
35,31,56,66,930527
35,31,56,66,930527
35,31,56,66,930527
35,31,58,66,930527
35,32,59,67,947104
35,33,59,68,955965
35,34,59,69,968396
35,34,59,69,968396
35,34,59,69,968396
37,34,59,71,991982
38,34,59,72,1008669
38,34,59,72,1008669
38,34,59,72,1008669
39,34,60,73,1022496
39,35,60,74,1039031
39,36,60,75,1052661
41,36,60,77,1076247
42,36,60,78,1092934
42,36,60,78,1092934
42,36,60,78,1092934
43,36,61,79,1106761
44,36,61,80,1123295
45,36,61,81,1136924
45,36,61,81,1136924
47,36,61,83,1161699
47,36,61,83,1161699
47,36,63,83,1161699
47,36,63,83,1161699
47,36,63,83,1161699
47,36,63,83,1161699
47,36,63,83,1161699
48,36,64,84,1174476
48,36,66,84,1174476
48,36,66,84,1174476
48,36,68,84,1174476
48,36,68,84,1174476
48,36,70,84,1174476
48,36,70,84,1174476
48,36,70,84,1174476
48,36,72,84,1174476
48,37,73,85,1189844
50,37,73,87,1216248
50,38,73,88,1233854
51,38,74,89,1253851
52,38,74,90,1270751
53,38,74,91,1280805
53,38,74,91,1280805
53,38,74,91,1280805
53,38,74,91,1280805
53,38,74,91,1280805
53,38,74,91,1280805
53,38,74,91,1280805
53,38,76,91,1280805
53,38,77,91,1280805
53,38,78,91,1280805
53,38,78,91,1280805
53,38,78,91,1280805
53,38,78,91,1280805
53,38,78,91,1280805
53,38,78,91,1280805
53,38,78,91,1280805
55,38,78,93,1296967
57,38,78,95,1316902
58,38,78,96,1333436
59,38,79,97,1347065
59,38,81,97,1347065
59,39,82,98,1363700
59,40,82,99,1378048
59,41,82,100,1389276
59,41,84,100,1389276
61,41,84,102,1412862
62,41,85,103,1429549
62,41,87,103,1429549
62,41,89,103,1429549
62,41,91,103,1429549
62,41,93,103,1429549
62,41,95,103,1429549
62,41,97,103,1429549
62,41,97,103,1429549
62,41,97,103,1429549
62,41,97,103,1429549
62,41,97,103,1429549
63,41,98,104,1449546
63,42,98,105,1460964
64,43,98,107,1486482
64,44,98,108,1503560
64,44,98,108,1503560
64,44,98,108,1503560
65,44,99,109,1520502
66,44,100,110,1532925
66,44,100,110,1532925
66,44,100,110,1532925
68,44,100,112,1556511
69,44,100,113,1573198
70,44,101,114,1589832
70,45,101,115,1604559
70,45,101,115,1604559
70,45,101,115,1604559
71,45,102,116,1623592
71,45,104,116,1623592
71,45,105,116,1623592
71,45,105,116,1623592
71,45,105,116,1623592
73,45,105,118,1642123
74,45,106,119,1659065
74,46,107,120,1668453
74,46,107,120,1668453
74,46,107,120,1668453
74,46,109,120,1668453
74,46,111,120,1668453
74,46,113,120,1668453
76,46,113,122,1694558
76,47,114,123,1714474
78,47,114,125,1737269
78,47,116,125,1737269
78,47,118,125,1737269
78,47,120,125,1737269
78,47,122,125,1737269
78,47,124,125,1737269
78,47,126,125,1737269
78,47,128,125,1737269
78,47,130,125,1737269
78,47,132,125,1737269
78,47,134,125,1737269
78,47,136,125,1737269
78,47,138,125,1737269
78,47,140,125,1737269
78,47,142,125,1737269
78,47,144,125,1737269
78,47,146,125,1737269
78,47,148,125,1737269
78,47,150,125,1737269
78,47,152,125,1737269
78,47,154,125,1737269
78,47,156,125,1737269
80,47,156,127,1760855
81,47,156,128,1777542
82,47,157,129,1794176
83,47,157,130,1808902
83,47,159,130,1808902
83,47,160,130,1808902
83,47,162,130,1808902
83,47,163,130,1808902
85,47,163,132,1831644
85,48,163,133,1846054
85,49,163,134,1862709
85,49,165,134,1862709
85,49,165,134,1862709
85,49,167,134,1862709
85,49,168,134,1862709
85,49,169,134,1862709
85,49,169,134,1862709
85,49,171,134,1862709
86,49,172,135,1880187
87,49,172,136,1896874
89,49,172,138,1919616
90,49,172,139,1934342
90,49,172,139,1934342
90,49,172,139,1934342
92,49,172,141,1954277
93,49,172,142,1970811
94,49,172,143,1984440
94,50,173,144,2000229
94,51,173,145,2020738
94,51,173,145,2020738
94,51,173,145,2020738
94,51,173,145,2020738
94,51,173,145,2020738
96,51,173,147,2040673
97,51,173,148,2057207
98,51,173,149,2070836
99,51,174,150,2087470
100,51,174,151,2101817
101,51,174,152,2113044
101,51,174,152,2113044
101,51,174,152,2113044
101,51,174,152,2113044
101,51,176,152,2113044
101,51,176,152,2113044
103,51,176,154,2134940
104,51,176,155,2155448
104,51,176,155,2155448
104,51,176,155,2155448
104,52,177,156,2172153
104,52,177,156,2172153
104,52,177,156,2172153
104,52,177,156,2172153
104,52,179,156,2172153
104,52,179,156,2172153
104,52,179,156,2172153
104,52,181,156,2172153
104,52,181,156,2172153
104,52,183,156,2172153
104,52,185,156,2172153
104,52,185,156,2172153
104,52,185,156,2172153
104,52,185,156,2172153
106,52,185,158,2192088
107,52,185,159,2208622
108,52,185,160,2222251
109,52,186,161,2238885
110,52,186,162,2253611
110,52,186,162,2253611
112,52,186,164,2278386
112,52,186,164,2278386
112,52,186,164,2278386
112,52,186,164,2278386
112,52,186,164,2278386
112,52,186,164,2278386
113,52,187,165,2295864
114,52,187,166,2312551
116,52,187,168,2337692
117,52,187,169,2354685
118,52,187,170,2370002
119,52,187,171,2382177
120,52,188,172,2398811
121,52,188,173,2413220
122,52,188,174,2429874
122,52,190,174,2429874
122,52,192,174,2429874
122,52,194,174,2429874
123,53,194,176,2449547
124,53,194,177,2462324
124,53,194,177,2462324
124,53,194,177,2462324
125,53,195,178,2478958
126,53,195,179,2493684
127,53,196,180,2511162
127,54,196,181,2524982
129,54,196,183,2547777
129,54,198,183,2547777
129,54,200,183,2547777
129,54,202,183,2547777
129,54,204,183,2547777
129,54,206,183,2547777
129,54,208,183,2547777
129,54,210,183,2547777
129,54,212,183,2547777
129,54,214,183,2547777
129,54,216,183,2547777
129,54,218,183,2547777
129,54,220,183,2547777
129,54,222,183,2547777
129,54,224,183,2547777
129,54,226,183,2547777
129,54,228,183,2547777
129,54,230,183,2547777
129,54,232,183,2547777
129,54,234,183,2547777
129,54,236,183,2547777
129,54,238,183,2547777
129,54,240,183,2547777
129,54,242,183,2547777
129,54,244,183,2547777
130,54,245,184,2565255
130,54,247,184,2565255
131,54,248,185,2579074
131,55,248,186,2594921
131,56,250,187,2611821
131,56,253,187,2611821
131,56,255,187,2611821
131,56,256,187,2611821
131,56,256,187,2611821
131,56,256,187,2611821
131,56,258,187,2611821
133,56,258,189,2636962
133,56,258,189,2636962
133,56,258,189,2636962
134,56,259,190,2653538
135,56,259,191,2662398
136,56,259,192,2674828
136,56,259,192,2674828
136,56,259,192,2674828
136,56,259,192,2674828
136,56,259,192,2674828
138,56,259,194,2697570
139,56,259,195,2711979
140,56,259,196,2726705
141,56,260,197,2744183
143,56,260,199,2766978
145,56,260,201,2790564
146,56,260,202,2809134
147,56,261,203,2828167
147,56,263,203,2828167
148,56,263,204,2844854
150,56,263,206,2870959
152,56,263,208,2907101
152,56,263,208,2907101
154,56,263,210,2930687
155,56,264,211,2947374
155,56,266,211,2947374
155,56,268,211,2947374
156,56,269,212,2964008
157,56,269,213,2978417
158,56,269,214,2995071
158,56,271,214,2995071
160,56,271,216,3021475
162,56,271,218,3045061
163,56,271,219,3061748
163,56,271,219,3061748
163,56,271,219,3061748
163,56,273,219,3061748
163,56,274,219,3061748
163,56,274,219,3061748
163,56,274,219,3061748
164,56,275,220,3075567
164,57,275,221,3088592
166,57,275,223,3114697
167,57,275,224,3131597
168,57,275,225,3141651
168,57,275,225,3141651
168,57,275,225,3141651
168,57,275,225,3141651
169,57,276,226,3155280
171,57,276,228,3177176
172,57,277,229,3194654
173,57,277,230,3208473
173,57,277,230,3208473
173,57,277,230,3208473
174,57,278,231,3227043
174,57,278,231,3227043
174,57,278,231,3227043
174,57,278,231,3227043
174,57,278,231,3227043
174,57,278,231,3227043
174,57,278,231,3227043
174,57,278,231,3227043
174,57,278,231,3227043
174,57,278,231,3227043
174,57,278,231,3227043
174,58,279,232,3236280
174,58,279,232,3236280
174,58,279,232,3236280
175,58,280,233,3255689
176,58,280,234,3265076
176,58,280,234,3265076
176,58,280,234,3265076
178,58,280,236,3291480
179,58,280,237,3301673
179,58,280,237,3301673
179,58,280,237,3301673
179,58,280,237,3301673
180,59,280,239,3322110
180,60,280,240,3333332
182,60,280,242,3356074
183,60,280,243,3370800
184,60,281,244,3388278
185,60,281,245,3406848
185,61,281,246,3418142
185,62,281,247,3429254
185,62,281,247,3429254
185,62,283,247,3429254
187,62,283,249,3451150
188,62,283,250,3471658
190,62,283,252,3495244
191,62,283,253,3511931
191,63,283,254,3524882
191,63,283,254,3524882
191,63,283,254,3524882
191,63,283,254,3524882
191,63,283,254,3524882
191,64,284,255,3542406
191,64,284,255,3542406
191,64,284,255,3542406
191,64,284,255,3542406
191,64,286,255,3542406
191,65,286,256,3559246
191,65,286,256,3559246
191,65,286,256,3559246
191,65,286,256,3559246
191,65,286,256,3559246
191,65,286,256,3559246
193,65,286,258,3582832
194,65,286,259,3599519
195,65,287,260,3618552
195,65,289,260,3618552
197,65,289,262,3640448
198,65,289,263,3660956
198,65,289,263,3660956
198,65,289,263,3660956
198,65,289,263,3660956
198,65,289,263,3660956
199,65,290,264,3674520
200,65,291,265,3688347
201,65,291,266,3704881
202,65,291,267,3718510
203,65,292,268,3735988
204,65,292,269,3752675
206,65,292,271,3772610
207,65,293,272,3790088
207,65,295,272,3790088
208,65,296,273,3806775
210,65,296,275,3831916
210,66,296,276,3844582
210,66,296,276,3844582
210,66,296,276,3844582
211,66,297,277,3860370
212,66,297,278,3880878
212,67,297,279,3892888
212,67,297,279,3892888
212,67,297,279,3892888
214,67,297,281,3916474
215,67,297,282,3933161
215,68,298,283,3946500
217,68,298,285,3969295
217,68,300,285,3969295
217,68,302,285,3969295
217,68,304,285,3969295
217,68,306,285,3969295
217,68,308,285,3969295
217,68,310,285,3969295
217,68,312,285,3969295
217,68,314,285,3969295
217,68,316,285,3969295
217,68,318,285,3969295
217,68,320,285,3969295
217,68,322,285,3969295
217,68,324,285,3969295
217,68,326,285,3969295
217,68,328,285,3969295
217,68,330,285,3969295
217,68,332,285,3969295
217,68,334,285,3969295
217,68,336,285,3969295
217,68,338,285,3969295
217,68,340,285,3969295
218,68,341,286,3989292
219,68,341,287,4006192
220,68,341,288,4016246
220,68,343,288,4016246
220,68,344,288,4016246
220,68,345,288,4016246
220,68,345,288,4016246
220,68,347,288,4016246
220,68,349,288,4016246
220,69,350,289,4027714
220,69,352,289,4027714
220,69,354,289,4027714
220,69,356,289,4027714
220,69,358,289,4027714
220,69,360,289,4027714
220,69,362,289,4027714
220,69,364,289,4027714
220,69,366,289,4027714
221,69,367,290,4041343
223,69,367,292,4067448
224,69,367,293,4084348
224,69,367,293,4084348
224,69,367,293,4084348
224,69,367,293,4084348
224,69,367,293,4084348
224,69,367,293,4084348
224,69,367,293,4084348
224,69,367,293,4084348
224,69,369,293,4084348
225,69,369,294,4094402
225,69,369,294,4094402
225,69,369,294,4094402
225,69,369,294,4094402
225,69,369,294,4094402
225,69,369,294,4094402
225,69,369,294,4094402
226,69,370,295,4107668
227,69,370,296,4120494
227,70,370,297,4132110
227,71,370,298,4142702
227,71,370,298,4142702
227,71,370,298,4142702
227,71,370,298,4142702
227,71,370,298,4142702
227,71,370,298,4142702
227,71,372,298,4142702
227,71,372,298,4142702
228,71,373,299,4159406
228,72,373,300,4173697
229,72,374,301,4188025
229,72,376,301,4188025
229,73,377,302,4199657
229,74,379,303,4211516
229,74,381,303,4211516
229,75,381,304,4226048
229,75,381,304,4226048
229,75,381,304,4226048
229,75,381,304,4226048
229,75,383,304,4226048
229,75,385,304,4226048
229,75,387,304,4226048
229,75,389,304,4226048
229,75,391,304,4226048
229,75,393,304,4226048
229,75,395,304,4226048
229,75,397,304,4226048
229,75,399,304,4226048
229,75,401,304,4226048
230,75,402,305,4243041
231,75,403,306,4262074
231,75,405,306,4262074
231,75,407,306,4262074
231,75,409,306,4262074
231,75,411,306,4262074
231,75,413,306,4262074
231,75,415,306,4262074
232,75,416,307,4279552
232,75,417,307,4279552
232,75,419,307,4279552
232,75,421,307,4279552
232,75,423,307,4279552
232,75,425,307,4279552
232,75,427,307,4279552
232,75,429,307,4279552
232,75,431,307,4279552
232,75,433,307,4279552
232,75,435,307,4279552
232,75,437,307,4279552
232,75,439,307,4279552
232,75,441,307,4279552
232,75,443,307,4279552
232,75,445,307,4279552
232,75,447,307,4279552
232,75,449,307,4279552
232,75,450,307,4279552
232,75,451,307,4279552
232,75,453,307,4279552
232,75,455,307,4279552
232,75,457,307,4279552
232,75,457,307,4279552
234,75,457,309,4303138
235,75,457,310,4321708
235,75,457,310,4321708
235,75,457,310,4321708
236,75,458,311,4340375
237,75,459,312,4359784
237,76,459,313,4370304
238,76,460,314,4384123
239,76,460,315,4399969
240,76,460,316,4416868
240,76,460,316,4416868
240,76,460,316,4416868
240,76,460,316,4416868
242,76,460,318,4442973
243,76,460,319,4459873
244,76,461,320,4476507
245,76,461,321,4491233
245,76,461,321,4491233
245,76,461,321,4491233
247,76,461,323,4514045
247,77,461,324,4532412
247,77,461,324,4532412
247,77,461,324,4532412
247,77,461,324,4532412
247,77,461,324,4532412
247,77,461,324,4532412
248,77,462,325,4545189
249,77,462,326,4561253
249,77,462,326,4561253
249,77,462,326,4561253
249,77,462,326,4561253
249,77,462,326,4561253
251,77,462,328,4587358
252,77,462,329,4606600
252,77,462,329,4606600
252,77,462,329,4606600
252,77,462,329,4606600
252,77,462,329,4606600
252,77,462,329,4606600
252,77,462,329,4606600
252,77,462,329,4606600
253,77,463,330,4619377
254,77,463,331,4635441
254,77,463,331,4635441
254,77,463,331,4635441
254,77,465,331,4635441
254,77,465,331,4635441
254,77,465,331,4635441
254,77,465,331,4635441
256,77,465,333,4658236
256,77,467,333,4658236
256,77,469,333,4658236
256,77,471,333,4658236
256,77,473,333,4658236
256,77,475,333,4658236
256,77,477,333,4658236
256,77,479,333,4658236
256,77,481,333,4658236
256,77,483,333,4658236
256,77,485,333,4658236
257,77,486,334,4675714
257,77,488,334,4675714
258,77,489,335,4685768
258,77,489,335,4685768
258,77,489,335,4685768
260,77,489,337,4705703
261,77,489,338,4722237
262,77,489,339,4735866
262,77,491,339,4735866
262,77,491,339,4735866
263,77,492,340,4755863
264,77,492,341,4772763
265,77,492,342,4782817
265,77,492,342,4782817
265,77,492,342,4782817
265,77,492,342,4782817
267,77,492,344,4806403
268,77,492,345,4823090
269,77,493,346,4836917
271,77,493,348,4863022
273,77,493,350,4882957
274,77,493,351,4899491
275,77,493,352,4913120
276,77,494,353,4930598
277,77,494,354,4947285
279,77,494,356,4967220
280,77,495,357,4984698
282,77,495,359,5008284
283,77,495,360,5026854
283,78,495,361,5040044
284,78,496,362,5060041
284,78,498,362,5060041
286,78,498,364,5085558
287,78,498,365,5096077
289,78,498,367,5119663
290,78,498,368,5136350
292,78,498,370,5159092
293,78,498,371,5173818
294,78,499,372,5191296
296,78,499,374,5217401
297,78,499,375,5236643
297,78,499,375,5236643
299,78,499,377,5255928
299,79,499,378,5269153
300,79,500,379,5286631
301,79,500,380,5303318
302,79,501,381,5319894
303,79,501,382,5328754
304,79,501,383,5341184
304,79,503,383,5341184
304,79,503,383,5341184
304,79,503,383,5341184
304,79,505,383,5341184
304,79,505,383,5341184
304,79,505,383,5341184
304,79,505,383,5341184
304,79,505,383,5341184
304,79,507,383,5341184
304,79,509,383,5341184
304,79,509,383,5341184
305,79,510,384,5354522
305,79,510,384,5354522
305,79,510,384,5354522
306,79,511,385,5374818
307,79,511,386,5385011
307,79,511,386,5385011
307,79,511,386,5385011
308,79,512,387,5405008
309,79,512,388,5421908
310,79,513,389,5431962
310,79,515,389,5431962
310,79,517,389,5431962
310,79,517,389,5431962
310,79,519,389,5431962
310,79,521,389,5431962
310,79,521,389,5431962
310,79,523,389,5431962
310,79,525,389,5431962
310,79,527,389,5431962
310,79,529,389,5431962
310,79,531,389,5431962
310,79,533,389,5431962
310,79,535,389,5431962
310,79,537,389,5431962
310,79,537,389,5431962
310,79,537,389,5431962
310,79,537,389,5431962
310,79,537,389,5431962
310,79,537,389,5431962
310,79,539,389,5431962
311,79,540,390,5445228
312,79,540,391,5458054
313,79,541,392,5473842
313,80,541,393,5490118
313,81,541,394,5495268
313,82,542,395,5506538
313,82,544,395,5506538
313,82,545,395,5506538
313,82,545,395,5506538
313,82,545,395,5506538
313,82,545,395,5506538
313,82,545,395,5506538
313,82,547,395,5506538
313,82,549,395,5506538
315,82,549,397,5529280
317,82,549,399,5551964
318,82,549,400,5560824
319,82,549,401,5573254
320,82,550,402,5587582
321,82,550,403,5599213
323,82,550,405,5625617
323,83,550,406,5639900
323,83,552,406,5639900
323,83,554,406,5639900
323,83,556,406,5639900
324,83,557,407,5657378
325,83,557,408,5675948
326,83,557,409,5687241
327,83,557,410,5698352
327,83,557,410,5698352
327,83,557,410,5698352
327,83,557,410,5698352
327,84,558,411,5715346
328,84,559,412,5729173
329,84,559,413,5745707
330,84,559,414,5759336
331,84,560,415,5775970
332,84,560,416,5790317
333,84,560,417,5801544
333,84,562,417,5801544
333,84,564,417,5801544
334,84,565,418,5815872
335,84,566,419,5831984
335,84,568,419,5831984
335,84,570,419,5831984
335,84,572,419,5831984
335,84,574,419,5831984
335,84,576,419,5831984
336,84,577,420,5850651
337,84,577,421,5861988
337,84,579,421,5861988
338,84,580,422,5875165
339,84,581,423,5890532
339,84,581,423,5890532
339,84,583,423,5890532
339,84,583,423,5890532
339,84,583,423,5890532
339,85,584,424,5901401
339,85,587,424,5901401
339,85,589,424,5901401
339,86,590,425,5911404
339,86,590,425,5911404
339,86,592,425,5911404
339,86,592,425,5911404
339,86,592,425,5911404
341,86,592,427,5937808
341,87,592,428,5954229
342,87,592,429,5964422
343,87,593,430,5984419
344,87,593,431,6003661
344,87,593,431,6003661
345,87,594,432,6023658
346,87,594,433,6040558
346,87,596,433,6040558
346,87,596,433,6040558
347,87,597,434,6057134
348,87,598,435,6077430
348,87,600,435,6077430
349,87,600,436,6095035
349,87,602,436,6095035
349,87,604,436,6095035
349,87,606,436,6095035
349,87,608,436,6095035
349,87,608,436,6095035
349,87,608,436,6095035
350,87,609,437,6111722
350,87,611,437,6111722
351,87,612,438,6129200
351,87,613,438,6129200
351,87,615,438,6129200
351,87,616,438,6129200
351,87,618,438,6129200
351,87,620,438,6129200
353,87,620,440,6152786
354,87,621,441,6172783
355,87,621,442,6192025
355,87,621,442,6192025
355,87,621,442,6192025
355,87,621,442,6192025
356,87,622,443,6210595
356,88,622,444,6223255
356,88,622,444,6223255
356,88,622,444,6223255
356,88,622,444,6223255
356,88,622,444,6223255
356,88,622,444,6223255
356,88,624,444,6223255
356,88,626,444,6223255
357,88,627,445,6241922
357,89,627,446,6258422
357,89,627,446,6258422
357,89,627,446,6258422
357,89,627,446,6258422
357,89,629,446,6258422
357,89,631,446,6258422
357,89,633,446,6258422
358,89,634,447,6275109
358,89,636,447,6275109
358,89,636,447,6275109
360,89,636,449,6299787
361,89,636,450,6311080
362,89,637,451,6328558
362,89,639,451,6328558
362,89,641,451,6328558
363,89,642,452,6348854
364,89,642,453,6364966
364,90,642,454,6381293
364,90,642,454,6381293
366,90,642,456,6407398
367,90,642,457,6424298
368,90,642,458,6434352
368,90,642,458,6434352
368,90,642,458,6434352
368,90,642,458,6434352
369,90,643,459,6451830
370,90,643,460,6468517
370,90,645,460,6468517
370,90,647,460,6468517
370,90,649,460,6468517
370,90,651,460,6468517
370,90,653,460,6468517
370,90,655,460,6468517
370,90,657,460,6468517
370,90,659,460,6468517
370,90,661,460,6468517
370,90,663,460,6468517
370,90,665,460,6468517
370,90,667,460,6468517
370,90,669,460,6468517
370,90,671,460,6468517
370,90,673,460,6468517
370,90,675,460,6468517
370,90,677,460,6468517
370,90,679,460,6468517
370,90,681,460,6468517
370,90,683,460,6468517
370,90,685,460,6468517
371,90,686,461,6485151
372,90,686,462,6499877
372,90,689,462,6499877
372,90,692,462,6499877
372,90,694,462,6499877
372,90,696,462,6499877
372,90,698,462,6499877
373,90,698,463,6514286
373,91,699,464,6525042
373,91,701,464,6525042
373,92,702,465,6534936
373,92,702,465,6534936
375,92,702,467,6560077
375,92,702,467,6560077
375,92,702,467,6560077
376,92,703,468,6573254
377,92,703,469,6586478
377,93,703,470,6596527
379,93,703,472,6620113
379,93,705,472,6620113
379,93,707,472,6620113
379,93,708,472,6620113
379,93,710,472,6620113
379,93,712,472,6620113
381,93,712,474,6643699
382,93,712,475,6660386
383,93,713,476,6677020
384,93,713,477,6691429
385,93,713,478,6708083
386,93,714,479,6722411
387,93,714,480,6742326
389,93,714,482,6762261
390,93,714,483,6778795
391,93,714,484,6792424
392,93,715,485,6809058
393,93,715,486,6823784
393,93,715,486,6823784
393,93,715,486,6823784
395,93,715,488,6841359
395,93,717,488,6841359
395,93,719,488,6841359
395,93,721,488,6841359
395,93,723,488,6841359
395,93,725,488,6841359
395,93,727,488,6841359
396,93,728,489,6858352
397,93,729,490,6877385
398,93,730,491,6894072
399,93,731,492,6904126
399,93,733,492,6904126
399,93,735,492,6904126
399,93,737,492,6904126
399,93,739,492,6904126
399,93,741,492,6904126
400,93,742,493,6921026
401,93,743,494,6941023
401,93,745,494,6941023
401,93,747,494,6941023
401,93,749,494,6941023
401,93,751,494,6941023
401,93,753,494,6941023
401,93,755,494,6941023
401,93,757,494,6941023
401,93,758,494,6941023
401,93,760,494,6941023
401,93,761,494,6941023
401,93,763,494,6941023
401,93,765,494,6941023
401,93,766,494,6941023
401,93,766,494,6941023
403,93,766,496,6963584
404,93,767,497,6981062
405,93,768,498,6997749
405,93,770,498,6997749
405,93,772,498,6997749
405,93,774,498,6997749
405,93,776,498,6997749
405,93,778,498,6997749
405,93,780,498,6997749
405,93,782,498,6997749
405,93,784,498,6997749
405,93,786,498,6997749
405,93,788,498,6997749
405,93,790,498,6997749
405,93,792,498,6997749
405,93,794,498,6997749
405,93,796,498,6997749
405,93,798,498,6997749
405,93,800,498,6997749
405,93,802,498,6997749
405,93,804,498,6997749
405,93,806,498,6997749
405,93,808,498,6997749
405,93,810,498,6997749
405,93,812,498,6997749
407,93,812,500,7020544
409,93,812,502,7043286
410,93,812,503,7053179
410,93,812,503,7053179
411,93,813,504,7069632
413,93,813,506,7096036
415,93,813,508,7118778
416,93,813,509,7133187
418,93,813,511,7158668
419,93,814,512,7172487
420,93,814,513,7189386
420,94,815,514,7199931
421,94,816,515,7217409
422,94,816,516,7234096
423,94,817,517,7251619
423,95,817,518,7267047
423,96,817,519,7275421
425,96,817,521,7300562
426,96,817,522,7317555
427,96,817,523,7329022
427,96,817,523,7329022
427,96,817,523,7329022
427,96,817,523,7329022
428,96,818,524,7339215
430,96,818,526,7361957
431,96,818,527,7376683
431,96,818,527,7376683
431,96,818,527,7376683
432,96,819,528,7394161
433,96,819,529,7410848
435,96,819,531,7430783
436,96,819,532,7447317
437,96,819,533,7460946
437,96,819,533,7460946
437,96,819,533,7460946
438,96,820,534,7478424
439,96,820,535,7495111
441,96,820,537,7517672
442,96,820,538,7534614
443,96,820,539,7547037
443,96,820,539,7547037
443,96,820,539,7547037
443,96,820,539,7547037
444,96,821,540,7562825
445,96,821,541,7583333
445,97,821,542,7597303
445,97,821,542,7597303
445,97,821,542,7597303
445,97,821,542,7597303
445,97,821,542,7597303
445,97,821,542,7597303
445,97,823,542,7597303
445,97,823,542,7597303
447,97,823,544,7623707
448,97,823,545,7641312
448,97,823,545,7641312
448,97,823,545,7641312
449,97,824,546,7655139
450,97,824,547,7671673
452,97,824,549,7694415
453,97,824,550,7708762
454,97,824,551,7719989
455,97,825,552,7739022
455,98,825,553,7753330
457,98,825,555,7776014
457,99,825,556,7788113
457,99,825,556,7788113
457,99,825,556,7788113
458,99,826,557,7802441
458,100,826,558,7819521
458,100,826,558,7819521
460,100,826,560,7842263
461,100,826,561,7856610
462,100,826,562,7867837
463,100,827,563,7887246
464,100,827,564,7904323
466,100,827,566,7923208
466,101,827,567,7934083
466,102,827,568,7945085
467,102,828,569,7964118
468,102,828,570,7978425
470,102,828,572,8004530
471,102,828,573,8021430
471,102,828,573,8021430
471,102,830,573,8021430
473,102,830,575,8044242
474,102,830,576,8058532
475,102,830,577,8070390
475,102,830,577,8070390
475,102,830,577,8070390
475,102,830,577,8070390
476,102,831,578,8089423
477,102,831,579,8102088
477,102,831,579,8102088
477,102,831,579,8102088
477,102,833,579,8102088
477,102,835,579,8102088
477,102,835,579,8102088
477,102,838,579,8102088
477,102,841,579,8102088
477,102,844,579,8102088
477,102,847,579,8102088
477,102,850,579,8102088
477,102,852,579,8102088
477,102,854,579,8102088
477,102,856,579,8102088
477,102,858,579,8102088
479,102,858,581,8122015
480,102,858,582,8138341
480,102,858,582,8138341
480,102,860,582,8138341
481,102,861,583,8155240
481,102,861,583,8155240
481,102,861,583,8155240
481,102,861,583,8155240
481,102,863,583,8155240
481,102,863,583,8155240
481,102,863,583,8155240
481,102,863,583,8155240
481,102,863,583,8155240
483,102,863,585,8177982
484,102,864,586,8195460
484,102,866,586,8195460
485,102,867,587,8212147
485,102,869,587,8212147
485,102,871,587,8212147
485,102,873,587,8212147
485,102,875,587,8212147
485,102,877,587,8212147
485,102,879,587,8212147
485,102,881,587,8212147
485,102,883,587,8212147
485,102,885,587,8212147
485,102,887,587,8212147
486,102,888,588,8228851
486,103,888,589,8241516
486,103,888,589,8241516
488,103,888,591,8258851
489,103,890,592,8273198
489,103,892,592,8273198
489,103,894,592,8273198
490,103,895,593,8289832
491,103,896,594,8303009
492,103,896,595,8316233
493,103,896,596,8326281
493,103,896,596,8326281
493,103,896,596,8326281
493,103,896,596,8326281
495,103,896,598,8346216
496,103,896,599,8362750
497,103,896,600,8376379
498,103,897,601,8396887
499,103,898,602,8412675
499,103,900,602,8412675
499,103,900,602,8412675
499,103,900,602,8412675
499,103,900,602,8412675
499,103,900,602,8412675
501,103,900,604,8439079
502,104,900,606,8456592
502,104,902,606,8456592
502,104,904,606,8456592
502,104,906,606,8456592
502,104,908,606,8456592
502,104,910,606,8456592
502,104,912,606,8456592
503,104,913,607,8470920
503,105,914,608,8485227
504,105,915,609,8505523
504,105,917,609,8505523
504,105,919,609,8505523
504,105,921,609,8505523
504,105,923,609,8505523
504,105,925,609,8505523
504,105,927,609,8505523
504,105,929,609,8505523
504,105,931,609,8505523
504,105,933,609,8505523
504,105,935,609,8505523
505,105,936,610,8523001
506,105,936,611,8536339
506,105,938,611,8536339
506,105,938,611,8536339
506,105,940,611,8536339
506,105,942,611,8536339
506,105,944,611,8536339
506,105,946,611,8536339
506,105,948,611,8536339
506,105,950,611,8536339
506,105,952,611,8536339
506,105,954,611,8536339
506,105,956,611,8536339
506,105,958,611,8536339
506,105,960,611,8536339
506,105,962,611,8536339
506,105,964,611,8536339
506,105,964,611,8536339
506,105,966,611,8536339
506,105,968,611,8536339
506,105,970,611,8536339
506,105,972,611,8536339
506,105,974,611,8536339
506,105,976,611,8536339
506,105,978,611,8536339
506,105,980,611,8536339
506,105,982,611,8536339
507,105,983,612,8553817
508,105,983,613,8572387
509,105,983,614,8583680
510,105,983,615,8594791
510,105,983,615,8594791
510,105,983,615,8594791
510,105,983,615,8594791
512,105,983,617,8617603
513,105,983,618,8635969
513,105,983,618,8635969
513,105,983,618,8635969
514,105,984,619,8655966
515,105,984,620,8675208
515,105,984,620,8675208
515,105,984,620,8675208
515,105,984,620,8675208
515,105,986,620,8675208
515,105,987,620,8675208
515,105,987,620,8675208
516,105,988,621,8692285
516,105,990,621,8692285
516,105,992,621,8692285
516,105,994,621,8692285
516,105,996,621,8692285
516,105,998,621,8692285
517,105,999,622,8711694
517,105,1001,622,8711694
517,105,1003,622,8711694
517,105,1005,622,8711694
517,105,1007,622,8711694
517,105,1009,622,8711694
517,105,1011,622,8711694
518,105,1012,623,8730361
519,105,1012,624,8741698
519,105,1012,624,8741698
519,105,1012,624,8741698
519,105,1012,624,8741698
520,106,1012,626,8767443
520,107,1012,627,8782013
520,108,1012,628,8799296
520,109,1012,629,8810754
520,109,1014,629,8810754
521,109,1015,630,8827330
522,109,1015,631,8836190
523,109,1016,632,8852992
524,109,1017,633,8870515
524,110,1018,634,8880762
524,110,1020,634,8880762
524,110,1022,634,8880762
524,110,1022,634,8880762
524,110,1022,634,8880762
524,110,1022,634,8880762
524,110,1022,634,8880762
524,110,1022,634,8880762
524,110,1022,634,8880762
524,110,1022,634,8880762
524,111,1023,635,8889010
525,111,1024,636,8902875
526,111,1025,637,8923171
527,111,1026,638,8935601
527,111,1026,638,8935601
527,111,1028,638,8935601
527,111,1030,638,8935601
527,111,1032,638,8935601
527,111,1034,638,8935601
527,111,1036,638,8935601
529,111,1036,640,8955536
530,111,1036,641,8972338
530,111,1036,641,8972338
530,111,1036,641,8972338
530,111,1036,641,8972338
530,111,1036,641,8972338
530,111,1036,641,8972338
530,111,1036,641,8972338
530,111,1036,641,8972338
531,111,1037,642,8991371
531,112,1037,643,9001792
531,112,1037,643,9001792
531,112,1037,643,9001792
531,112,1037,643,9001792
531,112,1039,643,9001792
533,112,1039,645,9021727
534,112,1039,646,9038261
535,112,1039,647,9051890
536,112,1040,648,9072186
537,112,1040,649,9089791
537,112,1040,649,9089791
537,112,1040,649,9089791
539,112,1040,651,9114932
540,112,1040,652,9129239
540,112,1040,652,9129239
541,112,1041,653,9142016
542,112,1041,654,9152890
543,112,1041,655,9163891
543,112,1041,655,9163891
543,112,1043,655,9163891
543,112,1045,655,9163891
543,112,1047,655,9163891
543,112,1049,655,9163891
543,112,1051,655,9163891
543,112,1053,655,9163891
545,112,1053,657,9189408
546,112,1053,658,9206485
548,112,1053,660,9231626
549,112,1054,661,9251623
550,112,1054,662,9268523
551,113,1054,664,9289224
551,113,1056,664,9289224
551,113,1057,664,9289224
551,113,1059,664,9289224
551,113,1061,664,9289224
551,113,1063,664,9289224
551,113,1065,664,9289224
553,113,1065,666,9308598
554,113,1066,667,9328007
554,113,1066,667,9328007
554,113,1066,667,9328007
556,113,1066,669,9349903
557,113,1066,670,9370411
558,113,1066,671,9382420
558,113,1066,671,9382420
558,113,1068,671,9382420
558,113,1070,671,9382420
558,113,1070,671,9382420
559,113,1071,672,9395197
559,114,1071,673,9406663
560,114,1071,674,9417537
560,114,1071,674,9417537
561,114,1072,675,9431356
562,114,1072,676,9447202
562,114,1072,676,9447202
562,114,1072,676,9447202
563,114,1073,677,9463836
564,114,1073,678,9478183
565,114,1073,679,9489410
567,114,1073,681,9512222
568,114,1074,682,9526550
569,114,1075,683,9543126
570,114,1075,684,9551986
571,114,1076,685,9566276
572,114,1078,686,9578134
572,114,1081,686,9578134
572,114,1084,686,9578134
572,114,1087,686,9578134
573,115,1088,688,9608903
573,115,1091,688,9608903
573,115,1093,688,9608903
573,115,1093,688,9608903
573,115,1095,688,9608903
573,115,1097,688,9608903
573,115,1099,688,9608903
573,115,1101,688,9608903
573,115,1103,688,9608903
573,115,1106,688,9608903
575,115,1106,690,9630799
576,115,1107,691,9651095
578,115,1107,693,9674681
579,115,1107,694,9691368
579,115,1109,694,9691368
579,115,1111,694,9691368
579,115,1113,694,9691368
579,115,1115,694,9691368
580,115,1116,695,9710401
581,115,1117,696,9730398
582,115,1117,697,9747298
583,115,1117,698,9757352
585,115,1117,700,9780147
587,115,1117,702,9806551
588,115,1117,703,9824156
588,115,1119,703,9824156
588,115,1119,703,9824156
588,115,1121,703,9824156
588,115,1121,703,9824156
588,115,1121,703,9824156
588,115,1121,703,9824156
588,115,1121,703,9824156
589,115,1122,704,9837983
590,115,1122,705,9854517
591,115,1122,706,9868146
593,115,1122,708,9890941
593,115,1124,708,9890941
593,115,1126,708,9890941
593,115,1128,708,9890941
593,115,1130,708,9890941
593,115,1132,708,9890941
593,115,1134,708,9890941
593,115,1136,708,9890941
593,115,1138,708,9890941
593,115,1140,708,9890941
593,115,1142,708,9890941
593,115,1144,708,9890941
593,115,1146,708,9890941
593,115,1148,708,9890941
593,115,1150,708,9890941
593,115,1152,708,9890941
593,115,1154,708,9890941
593,115,1156,708,9890941
593,115,1158,708,9890941
593,115,1160,708,9890941
593,115,1162,708,9890941
594,115,1163,709,9909974
595,115,1164,710,9929971
596,115,1164,711,9946871
597,115,1164,712,9956925
597,115,1164,712,9956925
599,115,1164,714,9980511
600,115,1164,715,9999081
601,115,1164,716,10010374
601,115,1164,716,10010374
602,115,1165,717,10027367
602,116,1165,718,10038112
602,117,1165,719,10052326
602,117,1165,719,10052326
602,117,1167,719,10052326
602,117,1167,719,10052326
603,117,1168,720,10071359
603,117,1168,720,10071359
603,117,1168,720,10071359
603,117,1170,720,10071359
605,117,1170,722,10091294
606,117,1171,723,10107928
607,117,1171,724,10122275
607,117,1173,724,10122275
607,117,1174,724,10122275
607,117,1176,724,10122275
607,117,1177,724,10122275
607,117,1177,724,10122275
607,117,1177,724,10122275
609,117,1177,726,10145070
611,117,1177,728,10168656
612,117,1178,729,10188653
613,117,1179,730,10198707
615,117,1179,732,10222293
616,117,1179,733,10238980
616,117,1181,733,10238980
616,117,1183,733,10238980
618,117,1183,735,10259416
619,117,1183,736,10279331
620,117,1184,737,10293158
621,117,1184,738,10309692
622,117,1184,739,10323321
624,117,1184,741,10349725
624,118,1184,742,10360776
625,118,1185,743,10378254
626,118,1185,744,10396824
627,118,1185,745,10409483
629,118,1185,747,10431379
630,118,1185,748,10451887
630,118,1185,748,10451887
630,118,1185,748,10451887
630,118,1185,748,10451887
630,118,1185,748,10451887
631,118,1186,749,10465153
631,119,1186,750,10476584
631,119,1186,750,10476584
631,119,1188,750,10476584
631,119,1190,750,10476584
631,119,1192,750,10476584
631,119,1194,750,10476584
631,119,1196,750,10476584
631,119,1198,750,10476584
631,119,1200,750,10476584
631,119,1202,750,10476584
631,119,1204,750,10476584
631,119,1206,750,10476584
631,119,1208,750,10476584
631,119,1210,750,10476584
631,119,1212,750,10476584
631,119,1214,750,10476584
631,119,1216,750,10476584
631,119,1218,750,10476584
632,119,1219,751,10493218
633,119,1219,752,10507627
634,119,1219,753,10518382
634,119,1219,753,10518382
636,119,1219,755,10543198
637,119,1219,756,10557605
637,120,1219,757,10569642
637,120,1219,757,10569642
638,120,1220,758,10589639
639,120,1220,759,10606539
639,120,1220,759,10606539
641,120,1220,761,10630125
642,120,1220,762,10646812
643,120,1220,763,10659762
643,120,1222,763,10659762
643,120,1223,763,10659762
643,120,1223,763,10659762
643,120,1223,763,10659762
643,120,1225,763,10659762
643,120,1227,763,10659762
643,120,1227,763,10659762
643,120,1227,763,10659762
645,120,1227,765,10682770
646,120,1228,766,10699457
646,120,1230,766,10699457
646,120,1232,766,10699457
646,120,1234,766,10699457
646,120,1236,766,10699457
646,120,1236,766,10699457
646,120,1236,766,10699457
648,120,1236,768,10723043
649,120,1237,769,10739677
650,120,1237,770,10754086
652,120,1237,772,10779567
654,120,1237,774,10802379
656,120,1237,776,10825965
657,120,1237,777,10842652
657,120,1237,777,10842652
657,120,1239,777,10842652
657,120,1241,777,10842652
657,120,1241,777,10842652
657,120,1243,777,10842652
657,120,1243,777,10842652
657,120,1245,777,10842652
658,120,1245,778,10857378
658,120,1245,778,10857378
658,120,1245,778,10857378
660,120,1245,780,10877313
661,120,1245,781,10894115
661,120,1245,781,10894115
661,120,1247,781,10894115
661,120,1247,781,10894115
661,120,1249,781,10894115
661,120,1251,781,10894115
661,120,1253,781,10894115
661,120,1253,781,10894115
661,120,1255,781,10894115
661,120,1257,781,10894115
663,120,1257,783,10916857
664,120,1257,784,10926750
664,120,1257,784,10926750
664,120,1257,784,10926750
664,120,1257,784,10926750
665,120,1258,785,10945783
666,120,1258,786,10957518
668,120,1258,788,10983623
669,120,1259,789,11000122
670,120,1260,790,11020418
671,120,1260,791,11034700
671,121,1260,792,11053984
673,121,1260,794,11080089
674,121,1260,795,11096989
675,121,1260,796,11107043
675,121,1260,796,11107043
675,121,1260,796,11107043
675,121,1262,796,11107043
675,121,1264,796,11107043
675,121,1266,796,11107043
675,121,1268,796,11107043
675,121,1268,796,11107043
675,121,1270,796,11107043
675,121,1272,796,11107043
675,121,1272,796,11107043
675,121,1272,796,11107043
675,121,1272,796,11107043
675,121,1274,796,11107043
675,121,1274,796,11107043
675,121,1274,796,11107043
675,121,1274,796,11107043
675,121,1276,796,11107043
675,121,1278,796,11107043
675,121,1280,796,11107043
676,121,1281,797,11124521
677,121,1281,798,11141208
677,121,1283,798,11141208
677,121,1285,798,11141208
677,121,1287,798,11141208
677,121,1289,798,11141208
677,121,1291,798,11141208
677,121,1291,798,11141208
677,121,1293,798,11141208
677,121,1295,798,11141208
677,121,1297,798,11141208
677,121,1299,798,11141208
679,121,1299,800,11164794
680,121,1299,801,11181481
680,121,1301,801,11181481
680,121,1303,801,11181481
680,121,1305,801,11181481
680,121,1307,801,11181481
682,121,1307,803,11201416
683,121,1307,804,11211662
684,121,1308,805,11224839
685,121,1309,806,11240206
686,121,1310,807,11257684
688,121,1310,809,11277619
689,121,1310,810,11294153
690,121,1310,811,11307782
691,121,1311,812,11325260
692,121,1311,813,11343830
693,121,1311,814,11355123
695,121,1311,816,11378709
696,121,1311,817,11395396
697,121,1312,818,11412100
698,121,1313,819,11421993
698,121,1313,819,11421993
698,121,1313,819,11421993
698,121,1315,819,11421993
698,121,1315,819,11421993
698,121,1315,819,11421993
698,121,1317,819,11421993
698,121,1319,819,11421993
699,121,1320,820,11438627
699,121,1321,820,11438627
699,121,1321,820,11438627
699,121,1321,820,11438627
701,121,1321,822,11461369
702,121,1321,823,11471262
702,121,1321,823,11471262
703,121,1322,824,11488740
704,121,1322,825,11505427
704,121,1324,825,11505427
704,121,1326,825,11505427
704,121,1328,825,11505427
704,121,1330,825,11505427
704,121,1332,825,11505427
704,121,1334,825,11505427
704,121,1336,825,11505427
704,121,1338,825,11505427
704,121,1340,825,11505427
704,121,1342,825,11505427
704,121,1344,825,11505427
704,121,1346,825,11505427
704,121,1348,825,11505427
704,121,1350,825,11505427
704,121,1352,825,11505427
704,121,1354,825,11505427
704,121,1356,825,11505427
704,121,1358,825,11505427
704,121,1360,825,11505427
704,121,1362,825,11505427
704,121,1364,825,11505427
704,121,1366,825,11505427
704,121,1368,825,11505427
704,121,1370,825,11505427
704,121,1372,825,11505427
704,121,1374,825,11505427
704,121,1376,825,11505427
705,121,1377,826,11524460
706,121,1377,827,11536195
706,121,1379,827,11536195
706,121,1381,827,11536195
706,121,1383,827,11536195
706,121,1385,827,11536195
708,121,1385,829,11562300
709,121,1386,830,11576127
710,121,1386,831,11592661
711,121,1386,832,11606290
712,121,1388,833,11625532
712,121,1388,833,11625532
712,121,1388,833,11625532
712,121,1388,833,11625532
712,121,1388,833,11625532
714,121,1388,835,11645467
715,121,1388,836,11662001
716,121,1388,837,11675630
717,121,1389,838,11695926
718,121,1389,839,11713531
718,121,1389,839,11713531
718,121,1389,839,11713531
718,121,1389,839,11713531
718,121,1389,839,11713531
718,121,1391,839,11713531
720,121,1391,841,11736273
721,121,1391,842,11750620
722,121,1392,843,11760622
722,121,1392,843,11760622
722,121,1392,843,11760622
722,121,1392,843,11760622
722,121,1392,843,11760622
723,121,1393,844,11774950
724,121,1393,845,11786171
724,122,1393,846,11798683
724,122,1393,846,11798683
724,122,1393,846,11798683
724,122,1395,846,11798683
724,122,1395,846,11798683
724,122,1397,846,11798683
724,122,1398,846,11798683
724,122,1400,846,11798683
724,122,1401,846,11798683
726,122,1401,848,11822269
727,122,1401,849,11833137
727,123,1401,850,11844028
727,123,1401,850,11844028
729,123,1401,852,11867614
730,123,1401,853,11884301
731,123,1402,854,11897478
733,123,1402,856,11926672
733,123,1402,856,11926672
734,123,1403,857,11943306
735,123,1403,858,11958032
735,123,1403,858,11958032
735,123,1403,858,11958032
735,123,1405,858,11958032
735,123,1406,858,11958032
735,123,1406,858,11958032
735,123,1406,858,11958032
735,123,1408,858,11958032
735,123,1410,858,11958032
735,123,1412,858,11958032
735,123,1414,858,11958032
735,123,1416,858,11958032
735,123,1418,858,11958032
735,123,1420,858,11958032
735,123,1422,858,11958032
735,123,1424,858,11958032
735,123,1426,858,11958032
735,123,1428,858,11958032
735,123,1429,858,11958032
735,123,1431,858,11958032
735,123,1433,858,11958032
735,123,1434,858,11958032
736,123,1434,859,11970982
736,123,1436,859,11970982
736,123,1437,859,11970982
736,123,1439,859,11970982
736,123,1440,859,11970982
738,123,1440,861,11994568
739,123,1440,862,12011255
740,123,1441,863,12027889
740,124,1441,864,12044078
740,124,1441,864,12044078
740,124,1443,864,12044078
741,124,1444,865,12063111
743,124,1444,867,12086697
744,124,1444,868,12100035
744,124,1446,868,12100035
744,124,1448,868,12100035
745,124,1449,869,12116722
745,124,1451,869,12116722
745,124,1452,869,12116722
747,124,1452,871,12136649
748,124,1452,872,12152495
749,124,1453,873,12172492
750,124,1453,874,12191734
750,124,1453,874,12191734
750,124,1455,874,12191734
750,124,1457,874,12191734
750,124,1458,874,12191734
750,124,1460,874,12191734
750,124,1461,874,12191734
750,124,1462,874,12191734
750,124,1462,874,12191734
750,124,1462,874,12191734
750,124,1462,874,12191734
750,124,1462,874,12191734
750,124,1462,874,12191734
750,124,1464,874,12191734
750,124,1465,874,12191734
750,124,1466,874,12191734
750,124,1466,874,12191734
750,124,1466,874,12191734
750,124,1468,874,12191734
750,124,1469,874,12191734
750,124,1471,874,12191734
750,124,1473,874,12191734
750,124,1475,874,12191734
750,124,1477,874,12191734
751,124,1478,875,12202478
751,124,1480,875,12202478
751,124,1481,875,12202478
751,124,1483,875,12202478
751,124,1484,875,12202478
751,124,1484,875,12202478
751,124,1484,875,12202478
753,124,1484,877,12222413
754,124,1484,878,12238947
755,124,1484,879,12252576
756,124,1485,880,12272872
757,124,1485,881,12290477
757,124,1485,881,12290477
757,124,1485,881,12290477
759,124,1485,883,12310412
760,124,1485,884,12326946
761,124,1486,885,12343580
762,124,1486,886,12357989
763,124,1486,887,12372715
764,124,1487,888,12390193
764,124,1488,888,12390193
765,124,1489,889,12406827
767,124,1489,891,12430413
768,124,1490,892,12447100
768,124,1492,892,12447100
769,124,1493,893,12463804
770,124,1493,894,12478094
771,124,1493,895,12489952
771,124,1493,895,12489952
771,124,1493,895,12489952
771,124,1496,895,12489952
771,124,1499,895,12489952
771,124,1502,895,12489952
771,124,1505,895,12489952
772,124,1506,896,12506586
772,124,1509,896,12506586
772,124,1511,896,12506586
772,124,1513,896,12506586
772,124,1515,896,12506586
772,124,1517,896,12506586
773,124,1519,897,12521312
773,124,1519,897,12521312
773,124,1519,897,12521312
775,124,1519,899,12543919
776,124,1519,900,12555256
777,124,1520,901,12573923
777,124,1522,901,12573923
777,124,1522,901,12573923
777,124,1524,901,12573923
777,124,1526,901,12573923
777,124,1528,901,12573923
777,124,1528,901,12573923
777,124,1528,901,12573923
777,124,1528,901,12573923
777,124,1528,901,12573923
777,124,1530,901,12573923
778,124,1531,902,12583977
779,124,1532,903,12603974
779,124,1534,903,12603974
780,124,1535,904,12620874
780,124,1536,904,12620874
780,124,1536,904,12620874
780,124,1536,904,12620874
780,124,1536,904,12620874
780,124,1538,904,12620874
780,124,1540,904,12620874
781,124,1541,905,12638352
782,124,1541,906,12655039
782,124,1543,906,12655039
782,124,1543,906,12655039
782,124,1543,906,12655039
782,124,1543,906,12655039
782,124,1543,906,12655039
782,124,1545,906,12655039
782,124,1547,906,12655039
782,124,1549,906,12655039
783,124,1550,907,12665685
784,124,1551,908,12684927
785,124,1552,909,12695120
785,124,1554,909,12695120
786,124,1555,910,12711540
787,124,1556,911,12731836
787,124,1558,911,12731836
789,124,1558,913,12754578
790,124,1558,914,12768987
791,124,1558,915,12785641
791,124,1560,915,12785641
791,124,1562,915,12785641
791,124,1562,915,12785641
791,124,1562,915,12785641
791,124,1564,915,12785641
792,124,1565,916,12796691
792,124,1567,916,12796691
792,124,1569,916,12796691
792,124,1571,916,12796691
792,124,1573,916,12796691
793,124,1574,917,12816987
793,124,1575,917,12816987
793,124,1577,917,12816987
793,124,1579,917,12816987
793,124,1581,917,12816987
794,124,1582,918,12830814
794,124,1584,918,12830814
796,124,1584,920,12857218
797,124,1584,921,12874823
797,124,1584,921,12874823
797,124,1584,921,12874823
797,124,1584,921,12874823
798,124,1585,922,12891399
798,125,1585,923,12910061
798,125,1585,923,12910061
798,125,1587,923,12910061
798,125,1587,923,12910061
798,125,1589,923,12910061
799,125,1590,924,12924468
800,125,1590,925,12936504
801,125,1591,926,12955212
801,125,1593,926,12955212
801,125,1593,926,12955212
801,125,1595,926,12955212
803,125,1595,928,12981616
804,125,1595,929,12999221
805,125,1595,930,13013503
805,125,1595,930,13013503
805,125,1595,930,13013503
805,125,1595,930,13013503
805,125,1595,930,13013503
805,125,1597,930,13013503
805,125,1597,930,13013503
805,125,1597,930,13013503
805,125,1597,930,13013503
805,125,1597,930,13013503
805,125,1597,930,13013503
805,125,1597,930,13013503
806,125,1598,931,13030207
807,125,1598,932,13048573
807,125,1598,932,13048573
807,125,1598,932,13048573
807,125,1598,932,13048573
807,125,1598,932,13048573
809,125,1598,934,13073389
809,125,1598,934,13073389
809,125,1598,934,13073389
809,125,1598,934,13073389
810,125,1599,935,13087796
811,125,1599,936,13099832
811,125,1599,936,13099832
811,125,1599,936,13099832
811,125,1599,936,13099832
813,125,1599,938,13119206
813,125,1599,938,13119206
813,125,1599,938,13119206
813,125,1599,938,13119206
813,125,1599,938,13119206
813,125,1601,938,13119206
813,125,1603,938,13119206
813,125,1603,938,13119206
815,125,1603,940,13142792
816,125,1603,941,13161362
817,125,1603,942,13172655
819,125,1603,944,13192590
820,125,1603,945,13209124
821,125,1603,946,13222753
822,125,1604,947,13242750
823,125,1604,948,13259650
824,125,1604,949,13269704
824,125,1606,949,13269704
824,125,1606,949,13269704
824,125,1608,949,13269704
824,125,1608,949,13269704
824,125,1608,949,13269704
824,125,1610,949,13269704
824,125,1612,949,13269704
824,125,1612,949,13269704
824,125,1612,949,13269704
824,125,1614,949,13269704
824,125,1614,949,13269704
824,125,1614,949,13269704
824,125,1616,949,13269704
826,125,1616,951,13292265
827,125,1617,952,13306092
828,125,1617,953,13322626
829,125,1617,954,13336255
829,125,1619,954,13336255
829,125,1619,954,13336255
829,125,1619,954,13336255
829,125,1619,954,13336255
829,125,1619,954,13336255
829,125,1619,954,13336255
829,125,1619,954,13336255
829,125,1619,954,13336255
829,125,1619,954,13336255
829,125,1621,954,13336255
829,125,1623,954,13336255
829,125,1625,954,13336255
829,125,1627,954,13336255
829,126,1627,955,13354112
829,126,1627,955,13354112
829,126,1627,955,13354112
829,126,1627,955,13354112
829,126,1627,955,13354112
829,126,1627,955,13354112
830,126,1628,956,13370799
830,126,1630,956,13370799
830,126,1632,956,13370799
830,126,1634,956,13370799
830,126,1636,956,13370799
830,126,1638,956,13370799
830,126,1640,956,13370799
830,126,1642,956,13370799
830,126,1644,956,13370799
831,126,1645,957,13388277
831,126,1647,957,13388277
831,126,1649,957,13388277
831,126,1649,957,13388277
833,126,1649,959,13410919
834,126,1649,960,13424548
835,126,1650,961,13438375
836,126,1651,962,13454163
837,126,1651,963,13474671
839,126,1651,965,13500776
840,126,1651,966,13517676
841,126,1651,967,13527730
841,126,1651,967,13527730
841,126,1651,967,13527730
842,126,1652,968,13545208
843,126,1652,969,13561895
845,126,1652,971,13587412
846,126,1652,972,13597931
847,126,1653,973,13615409
848,126,1654,974,13629737
849,126,1654,975,13649652
850,126,1655,976,13667130
852,126,1655,978,13693235
854,126,1655,980,13711536
854,126,1655,980,13711536
855,126,1656,981,13728529
855,126,1656,981,13728529
855,126,1656,981,13728529
855,126,1656,981,13728529
855,126,1656,981,13728529
856,126,1657,982,13747562
856,126,1659,982,13747562
856,126,1661,982,13747562
856,126,1663,982,13747562
856,126,1664,982,13747562
856,126,1666,982,13747562
856,126,1668,982,13747562
857,126,1668,983,13764249
859,126,1668,985,13784685
859,127,1668,986,13803935
859,127,1668,986,13803935
859,127,1668,986,13803935
860,127,1669,987,13817201
860,127,1669,987,13817201
860,127,1669,987,13817201
860,127,1669,987,13817201
860,127,1669,987,13817201
862,127,1669,989,13842718
862,127,1671,989,13842718
862,127,1673,989,13842718
862,128,1674,990,13855519
862,129,1674,991,13866678
862,129,1674,991,13866678
862,129,1676,991,13866678
862,129,1677,991,13866678
862,129,1678,991,13866678
862,129,1678,991,13866678
862,129,1678,991,13866678
862,129,1678,991,13866678
862,129,1680,991,13866678
862,129,1681,991,13866678
862,129,1681,991,13866678
862,129,1681,991,13866678
864,129,1681,993,13889420
865,129,1681,994,13903829
866,129,1681,995,13920483
866,129,1681,995,13920483
866,129,1683,995,13920483
866,129,1683,995,13920483
866,129,1683,995,13920483
866,129,1685,995,13920483
867,129,1686,996,13937961
868,129,1686,997,13954648
868,129,1688,997,13954648
868,129,1688,997,13954648
868,129,1690,997,13954648
868,129,1692,997,13954648
868,129,1692,997,13954648
868,129,1694,997,13954648
868,129,1696,997,13954648
868,129,1696,997,13954648
868,129,1698,997,13954648
868,129,1698,997,13954648
868,129,1700,997,13954648
868,129,1702,997,13954648
868,129,1704,997,13954648
868,129,1706,997,13954648
868,129,1708,997,13954648
868,129,1710,997,13954648
868,129,1710,997,13954648
868,129,1710,997,13954648
870,129,1710,999,13980753
871,129,1710,1000,13997653
872,129,1710,1001,14007707
872,129,1710,1001,14007707
872,129,1710,1001,14007707
872,129,1710,1001,14007707
872,129,1710,1001,14007707
873,129,1711,1002,14023495
874,129,1711,1003,14044003
874,129,1711,1003,14044003
874,129,1711,1003,14044003
874,129,1711,1003,14044003
874,129,1711,1003,14044003
875,129,1712,1004,14063639
876,129,1712,1005,14078208
877,129,1712,1006,14095490
878,129,1712,1007,14106947
878,129,1712,1007,14106947
878,129,1712,1007,14106947
878,129,1712,1007,14106947
879,129,1713,1008,14121275
880,129,1713,1009,14132906
880,130,1713,1010,14142588
880,130,1713,1010,14142588
880,130,1713,1010,14142588
880,130,1715,1010,14142588
880,130,1716,1010,14142588
880,130,1717,1010,14142588
880,130,1719,1010,14142588
880,130,1719,1010,14142588
880,130,1719,1010,14142588
880,130,1719,1010,14142588
880,130,1721,1010,14142588
880,130,1721,1010,14142588
880,130,1723,1010,14142588
881,130,1724,1011,14162884
882,130,1724,1012,14173934
884,130,1724,1014,14193869
885,130,1724,1015,14210403
886,130,1724,1016,14224032
887,130,1725,1017,14240485
888,130,1725,1018,14257427
889,130,1725,1019,14269850
889,130,1725,1019,14269850
889,130,1725,1019,14269850
889,130,1727,1019,14269850
889,130,1727,1019,14269850
889,130,1727,1019,14269850
889,130,1730,1019,14269850
891,130,1730,1021,14291746
891,131,1730,1022,14305773
891,131,1730,1022,14305773
892,131,1731,1023,14322226
892,132,1731,1024,14333993
892,132,1731,1024,14333993
892,132,1731,1024,14333993
894,132,1731,1026,14356677
895,132,1731,1027,14375338
895,132,1731,1027,14375338
895,132,1733,1027,14375338
895,132,1733,1027,14375338
895,132,1733,1027,14375338
895,132,1733,1027,14375338
895,132,1735,1027,14375338
895,132,1735,1027,14375338
895,132,1735,1027,14375338
896,132,1736,1028,14391126
896,132,1738,1028,14391126
896,132,1739,1028,14391126
896,132,1739,1028,14391126
896,132,1741,1028,14391126
896,132,1741,1028,14391126
896,132,1741,1028,14391126
896,132,1741,1028,14391126
896,132,1741,1028,14391126
898,132,1741,1030,14413022
899,132,1741,1031,14433530
900,132,1742,1032,14447357
901,132,1742,1033,14463891
902,132,1742,1034,14477520
904,132,1742,1036,14502661
904,132,1742,1036,14502661
906,132,1742,1038,14521946
906,133,1743,1039,14535389
906,134,1743,1040,14546728
908,134,1744,1042,14575922
909,134,1745,1043,14593400
910,134,1745,1044,14610087
911,134,1745,1045,14623037
911,134,1745,1045,14623037
911,134,1745,1045,14623037
911,134,1747,1045,14623037
911,134,1747,1045,14623037
911,134,1747,1045,14623037
911,134,1747,1045,14623037
911,134,1747,1045,14623037
911,134,1747,1045,14623037
911,134,1747,1045,14623037
911,134,1747,1045,14623037
911,134,1749,1045,14623037
911,134,1751,1045,14623037
911,134,1752,1045,14623037
911,134,1753,1045,14623037
911,134,1755,1045,14623037
911,134,1756,1045,14623037
911,134,1758,1045,14623037
911,134,1760,1045,14623037
911,134,1761,1045,14623037
913,134,1761,1047,14642322
914,134,1761,1048,14655546
915,134,1761,1049,14665594
916,134,1762,1050,14683072
917,134,1762,1051,14699759
918,134,1763,1052,14718792
919,134,1764,1053,14735785
919,135,1764,1054,14745479
919,135,1766,1054,14745479
921,135,1766,1056,14764853
922,135,1766,1057,14776283
922,135,1766,1057,14776283
923,135,1767,1058,14792071
924,135,1767,1059,14812579
925,135,1768,1060,14826406
926,135,1768,1061,14842940
927,135,1768,1062,14856569
927,135,1768,1062,14856569
929,135,1768,1064,14882674
930,135,1768,1065,14899574
931,135,1768,1066,14909628
931,135,1768,1066,14909628
931,135,1768,1066,14909628
931,135,1768,1066,14909628
931,135,1770,1066,14909628
931,135,1772,1066,14909628
931,135,1774,1066,14909628
931,135,1776,1066,14909628
931,135,1778,1066,14909628
931,135,1780,1066,14909628
931,135,1780,1066,14909628
931,135,1780,1066,14909628
931,135,1780,1066,14909628
931,135,1782,1066,14909628
932,135,1783,1067,14927106
932,135,1785,1067,14927106
932,135,1787,1067,14927106
933,135,1787,1068,14943793
933,135,1789,1068,14943793
933,135,1791,1068,14943793
933,135,1793,1068,14943793
933,135,1795,1068,14943793
933,135,1797,1068,14943793
933,135,1799,1068,14943793
935,135,1799,1070,14965689
936,135,1799,1071,14986197
936,135,1799,1071,14986197
936,135,1799,1071,14986197
936,135,1799,1071,14986197
936,135,1799,1071,14986197
937,135,1800,1072,15003675
938,135,1800,1073,15020362
938,135,1802,1073,15020362
938,135,1804,1073,15020362
938,135,1806,1073,15020362
938,135,1808,1073,15020362
938,135,1810,1073,15020362
938,135,1812,1073,15020362
938,135,1814,1073,15020362
938,135,1816,1073,15020362
938,135,1818,1073,15020362
938,135,1820,1073,15020362
938,135,1822,1073,15020362
938,135,1824,1073,15020362
938,135,1826,1073,15020362
938,135,1828,1073,15020362
938,135,1830,1073,15020362
939,135,1831,1074,15039998
940,135,1831,1075,15054567
941,135,1831,1076,15071849
942,135,1831,1077,15083306
942,135,1831,1077,15083306
942,135,1831,1077,15083306
942,135,1831,1077,15083306
942,135,1833,1077,15083306
942,135,1835,1077,15083306
942,135,1837,1077,15083306
942,135,1839,1077,15083306
942,135,1841,1077,15083306
942,135,1843,1077,15083306
944,135,1843,1079,15109411
945,135,1844,1080,15125199
946,135,1844,1081,15145707
946,135,1844,1081,15145707
946,135,1844,1081,15145707
947,135,1845,1082,15163185
948,135,1845,1083,15179872
950,135,1845,1085,15203458
951,135,1845,1086,15222028
951,135,1845,1086,15222028
951,135,1847,1086,15222028
951,135,1847,1086,15222028
951,135,1847,1086,15222028
951,135,1847,1086,15222028
952,135,1848,1087,15237816
952,136,1848,1088,15258218
954,136,1848,1090,15281804
955,136,1849,1091,15298491
955,136,1849,1091,15298491
955,136,1849,1091,15298491
955,136,1851,1091,15298491
957,136,1851,1093,15317823
958,136,1852,1094,15331000
958,137,1853,1095,15344634
958,137,1853,1095,15344634
960,137,1854,1097,15373828
961,137,1854,1098,15387270
962,137,1854,1099,15398608
963,137,1855,1100,15416086
964,137,1855,1101,15432773
965,137,1856,1102,15449673
967,137,1856,1104,15469608
968,137,1856,1105,15486142
969,137,1856,1106,15499771
970,137,1857,1107,15519180
971,137,1857,1108,15528567
971,137,1857,1108,15528567
971,137,1857,1108,15528567
973,137,1857,1110,15547452
974,137,1857,1111,15563516
974,137,1857,1111,15563516
974,137,1857,1111,15563516
974,137,1857,1111,15563516
975,137,1858,1112,15580994
976,137,1858,1113,15597987
977,137,1858,1114,15612200
977,137,1858,1114,15612200
978,137,1859,1115,15623074
978,137,1859,1115,15623074
979,137,1860,1116,15638862
980,137,1860,1117,15655137
981,137,1860,1118,15669163
981,137,1860,1118,15669163
981,137,1862,1118,15669163
981,137,1863,1118,15669163
981,137,1865,1118,15669163
983,137,1865,1120,15689098
984,137,1865,1121,15705632
985,137,1866,1122,15722266
986,137,1866,1123,15736613
987,137,1867,1124,15746615
987,137,1867,1124,15746615
989,137,1867,1126,15773231
989,137,1869,1126,15773231
989,137,1871,1126,15773231
990,137,1872,1127,15790709
991,137,1873,1128,15807396
993,137,1873,1130,15827331
993,138,1873,1131,15845053
993,138,1873,1131,15845053
993,138,1873,1131,15845053
993,138,1873,1131,15845053
994,138,1874,1132,15865349
995,138,1874,1133,15876399
997,138,1874,1135,15899985
998,138,1874,1136,15916672
999,138,1875,1137,15930499
1000,138,1875,1138,15947033
1001,138,1875,1139,15960662
1002,138,1876,1140,15977296
1003,138,1876,1141,15992022
1003,138,1876,1141,15992022
1003,138,1876,1141,15992022
1004,138,1877,1142,16009500
1005,138,1877,1143,16026187
1005,138,1879,1143,16026187
1005,138,1879,1143,16026187
1005,138,1879,1143,16026187
1005,138,1879,1143,16026187
1005,138,1879,1143,16026187
1007,138,1879,1145,16051704
1008,138,1879,1146,16061091
1008,139,1879,1147,16072857
1009,139,1880,1148,16087185
1010,139,1880,1149,16098816
1011,139,1880,1150,16108497
1011,139,1880,1150,16108497
1011,139,1880,1150,16108497
1012,139,1881,1151,16125131
1012,139,1883,1151,16125131
1013,139,1884,1152,16135024
1013,139,1884,1152,16135024
1013,139,1884,1152,16135024
1013,139,1884,1152,16135024
1013,139,1884,1152,16135024
1013,139,1884,1152,16135024
1013,139,1886,1152,16135024
1013,139,1888,1152,16135024
1013,139,1890,1152,16135024
1013,139,1892,1152,16135024
1013,139,1893,1152,16135024
1013,139,1894,1152,16135024
1014,139,1895,1153,16155320
1015,139,1895,1154,16166370
1016,139,1896,1155,16183848
1017,139,1896,1156,16200535
1017,139,1898,1156,16200535
1017,139,1900,1156,16200535
1017,139,1900,1156,16200535
1017,139,1900,1156,16200535
1017,139,1900,1156,16200535
1017,139,1900,1156,16200535
1017,139,1900,1156,16200535
1017,139,1900,1156,16200535
1017,139,1900,1156,16200535
1017,139,1900,1156,16200535
1017,139,1902,1156,16200535
1019,139,1902,1158,16220462
1020,139,1903,1159,16236308
1021,139,1903,1160,16253207
1021,139,1905,1160,16253207
1021,139,1908,1160,16253207
1021,139,1908,1160,16253207
1021,139,1908,1160,16253207
1021,139,1908,1160,16253207
1022,139,1909,1161,16267034
1022,139,1909,1161,16267034
1022,139,1909,1161,16267034
1022,139,1909,1161,16267034
1022,139,1909,1161,16267034
1022,139,1909,1161,16267034
1022,139,1909,1161,16267034
1022,139,1909,1161,16267034
1024,139,1909,1163,16286408
1024,139,1909,1163,16286408
1024,139,1909,1163,16286408
1024,139,1909,1163,16286408
1024,139,1909,1163,16286408
1024,139,1909,1163,16286408
1025,139,1910,1164,16306405
1026,139,1910,1165,16323305
1026,139,1910,1165,16323305
1026,139,1910,1165,16323305
1026,139,1910,1165,16323305
1026,139,1910,1165,16323305
1026,139,1910,1165,16323305
1026,139,1910,1165,16323305
1028,139,1910,1167,16345201
1029,139,1910,1168,16356470
1031,139,1910,1170,16379031
1032,139,1910,1171,16395973
1033,139,1910,1172,16408396
1034,139,1911,1173,16425874
1035,139,1911,1174,16442561
1035,139,1911,1174,16442561
1035,139,1911,1174,16442561
1037,139,1911,1176,16466147
1038,139,1911,1177,16483140
1038,139,1913,1177,16483140
1038,139,1913,1177,16483140
1038,139,1915,1177,16483140
1039,139,1916,1178,16496967
1040,139,1916,1179,16513501
1041,139,1916,1180,16531222
1041,139,1916,1180,16531222
1043,139,1916,1182,16553964
1044,139,1916,1183,16568373
1046,139,1916,1185,16593854
1047,139,1917,1186,16611377
1048,139,1917,1187,16628216
1048,139,1917,1187,16628216
1049,139,1918,1188,16642035
1050,139,1918,1189,16657881
1051,139,1918,1190,16674780
1051,139,1918,1190,16674780
1053,139,1918,1192,16694715
1054,139,1918,1193,16711249
1055,139,1918,1194,16724878
1056,139,1919,1195,16744287
1057,139,1919,1196,16757087
1057,139,1919,1196,16757087
1057,139,1919,1196,16757087
1059,139,1919,1198,16782228
1060,139,1920,1199,16798915
1060,139,1922,1199,16798915
1060,139,1924,1199,16798915
1060,139,1926,1199,16798915
1060,139,1926,1199,16798915
1061,139,1927,1200,16816393
1061,139,1928,1200,16816393
1061,139,1930,1200,16816393
1061,139,1932,1200,16816393
1061,139,1934,1200,16816393
1061,139,1936,1200,16816393
1061,139,1938,1200,16816393
1063,139,1938,1202,16836328
1064,139,1938,1203,16852862
1065,139,1938,1204,16866491
1066,139,1939,1205,16883969
1067,139,1939,1206,16900656
1067,139,1941,1206,16900656
1067,139,1943,1206,16900656
1067,139,1944,1206,16900656
1067,139,1944,1206,16900656
1067,139,1944,1206,16900656
1067,139,1947,1206,16900656
1067,139,1949,1206,16900656
1067,139,1950,1206,16900656
1067,139,1952,1206,16900656
1067,139,1953,1206,16900656
1067,139,1955,1206,16900656
1068,139,1955,1207,16919226
1069,139,1955,1208,16930519
1070,139,1955,1209,16943178
1070,139,1957,1209,16943178
1070,139,1958,1209,16943178
1070,139,1960,1209,16943178
1070,139,1962,1209,16943178
1070,139,1964,1209,16943178
1070,139,1966,1209,16943178
1070,139,1966,1209,16943178
1070,139,1966,1209,16943178
1070,139,1968,1209,16943178
1070,139,1969,1209,16943178
1072,139,1969,1211,16963113
1073,139,1969,1212,16979647
1074,139,1969,1213,16993276
1075,139,1970,1214,17010754
1076,139,1970,1215,17027441
1077,139,1971,1216,17047737
1078,139,1971,1217,17064157
1078,139,1971,1217,17064157
1078,139,1973,1217,17064157
1080,139,1973,1219,17087743
1081,139,1973,1220,17104430
1082,139,1974,1221,17123463
1083,139,1974,1222,17140456
1085,139,1974,1224,17160391
1086,139,1975,1225,17177869
1088,139,1975,1227,17197154
1089,139,1975,1228,17210378
1089,140,1975,1229,17223480
1089,140,1975,1229,17223480
1089,140,1975,1229,17223480
1089,140,1977,1229,17223480
1089,140,1979,1229,17223480
1089,140,1979,1229,17223480
1089,140,1979,1229,17223480
1089,140,1979,1229,17223480
1089,140,1979,1229,17223480
1089,140,1979,1229,17223480
1091,140,1980,1231,17252674
1092,140,1980,1232,17266116
1092,140,1980,1232,17266116
1092,140,1980,1232,17266116
1092,140,1980,1232,17266116
1092,140,1980,1232,17266116
1094,140,1980,1234,17288911
1094,140,1982,1234,17288911
1094,140,1984,1234,17288911
1094,140,1986,1234,17288911
1094,140,1988,1234,17288911
1094,140,1990,1234,17288911
1094,140,1992,1234,17288911
1094,140,1994,1234,17288911
1094,140,1996,1234,17288911
1094,140,1998,1234,17288911
1094,140,2000,1234,17288911
1094,140,2002,1234,17288911
1094,140,2004,1234,17288911
1094,140,2006,1234,17288911
1094,140,2008,1234,17288911
1094,140,2010,1234,17288911
1094,140,2012,1234,17288911
1094,140,2014,1234,17288911
1094,140,2016,1234,17288911
1094,140,2018,1234,17288911
1094,140,2020,1234,17288911
1094,140,2022,1234,17288911
1094,140,2024,1234,17288911
1095,140,2025,1235,17304699
1096,140,2026,1236,17325207
1096,140,2026,1236,17325207
1096,140,2028,1236,17325207
1096,140,2030,1236,17325207
1096,140,2032,1236,17325207
1096,140,2034,1236,17325207
1096,140,2036,1236,17325207
1096,140,2038,1236,17325207
1096,140,2040,1236,17325207
1096,140,2042,1236,17325207
1097,140,2043,1237,17342685
1098,140,2043,1238,17361255
1098,141,2043,1239,17376446
1098,141,2043,1239,17376446
1098,141,2043,1239,17376446
1098,141,2043,1239,17376446
1098,141,2043,1239,17376446
1098,141,2043,1239,17376446
1100,141,2043,1241,17402850
1101,141,2043,1242,17420455
1101,141,2043,1242,17420455
1101,141,2043,1242,17420455
1101,141,2045,1242,17420455
1101,141,2047,1242,17420455
1102,141,2048,1243,17434282
1103,141,2048,1244,17450816
1104,141,2048,1245,17464445
1106,141,2048,1247,17489220
1107,141,2048,1248,17505719
1108,141,2049,1249,17519538
1109,141,2049,1250,17535384
1110,141,2050,1251,17552071
1110,141,2052,1251,17552071
1110,141,2054,1251,17552071
1110,141,2056,1251,17552071
1110,141,2058,1251,17552071
1110,141,2060,1251,17552071
1110,141,2062,1251,17552071
1110,141,2064,1251,17552071
1110,141,2066,1251,17552071
1110,141,2068,1251,17552071
1111,141,2069,1252,17572068
1112,141,2069,1253,17588968
1113,141,2070,1254,17599022
1113,141,2072,1254,17599022
1113,141,2074,1254,17599022
1113,141,2076,1254,17599022
1113,141,2078,1254,17599022
1113,141,2080,1254,17599022
1113,141,2082,1254,17599022
1113,141,2084,1254,17599022
1113,141,2086,1254,17599022
1113,141,2088,1254,17599022
1113,141,2090,1254,17599022
1113,141,2092,1254,17599022
1113,141,2094,1254,17599022
1113,141,2096,1254,17599022
1113,141,2098,1254,17599022
1115,141,2098,1256,17621817
1115,141,2100,1256,17621817
1115,141,2102,1256,17621817
1115,141,2104,1256,17621817
1115,141,2106,1256,17621817
1115,141,2108,1256,17621817
1115,141,2110,1256,17621817
1115,141,2112,1256,17621817
1115,141,2114,1256,17621817
1115,141,2116,1256,17621817
1115,141,2118,1256,17621817
1117,141,2119,1258,17654562
1119,141,2119,1260,17680966
1120,141,2119,1261,17697078
1121,141,2119,1262,17713404
1123,141,2119,1264,17736990
1124,141,2120,1265,17750817
1125,142,2120,1267,17774768
1126,142,2120,1268,17788034
1127,142,2121,1269,17807067
1128,142,2121,1270,17821374
1130,142,2121,1272,17843270
1131,142,2121,1273,17863778
1132,142,2121,1274,17875787
1133,142,2122,1275,17894820
1134,142,2122,1276,17907485
1136,142,2122,1278,17933590
1137,142,2122,1279,17950490
1137,142,2122,1279,17950490
1137,142,2122,1279,17950490
1137,142,2122,1279,17950490
1137,142,2124,1279,17950490
1137,142,2124,1279,17950490
1137,142,2124,1279,17950490
1137,142,2124,1279,17950490
1137,142,2126,1279,17950490
1137,142,2126,1279,17950490
1138,142,2127,1280,17964309
1139,142,2127,1281,17977333
1139,142,2127,1281,17977333
1141,142,2127,1283,18002850
1142,142,2127,1284,18012237
1143,142,2127,1285,18024002
1144,142,2128,1286,18044298
1145,142,2128,1287,18055348
1147,142,2128,1289,18075283
1148,142,2128,1290,18091817
1149,142,2128,1291,18105446
1150,142,2129,1292,18122080
1152,142,2129,1294,18142516
1153,142,2129,1295,18161765
1153,142,2129,1295,18161765
1153,142,2129,1295,18161765
1154,142,2130,1296,18177553
1155,142,2130,1297,18191579
1155,142,2130,1297,18191579
1157,142,2130,1299,18216720
1157,142,2132,1299,18216720
1157,142,2132,1299,18216720
1158,142,2133,1300,18233354
1159,142,2134,1301,18243247
1161,142,2134,1303,18265989
1162,142,2135,1304,18283467
1163,142,2136,1305,18301188
1163,142,2138,1305,18301188
1163,142,2140,1305,18301188
1163,142,2142,1305,18301188
1163,142,2144,1305,18301188
1163,142,2146,1305,18301188
1163,142,2148,1305,18301188
1163,142,2150,1305,18301188
1163,142,2152,1305,18301188
1163,142,2154,1305,18301188
1163,142,2156,1305,18301188
1163,142,2158,1305,18301188
1163,142,2160,1305,18301188
1163,142,2162,1305,18301188
1163,142,2164,1305,18301188
1163,142,2166,1305,18301188
1163,142,2168,1305,18301188
1164,142,2169,1306,18320221
1165,142,2170,1307,18334528
1165,142,2172,1307,18334528
1165,142,2174,1307,18334528
1167,142,2174,1309,18358114
1168,142,2174,1310,18376684
1168,142,2174,1310,18376684
1168,142,2174,1310,18376684
1168,142,2174,1310,18376684
1168,142,2176,1310,18376684
1169,142,2177,1311,18390511
1170,142,2177,1312,18407313
1170,142,2177,1312,18407313
1170,142,2177,1312,18407313
1170,142,2177,1312,18407313
1170,142,2177,1312,18407313
1170,142,2177,1312,18407313
1170,142,2177,1312,18407313
1170,142,2179,1312,18407313
1170,142,2181,1312,18407313
1172,142,2181,1314,18427248
1173,142,2181,1315,18443782
1174,142,2182,1316,18463779
1175,142,2182,1317,18480679
1176,142,2182,1318,18490733
1178,142,2182,1320,18513475
1179,142,2182,1321,18528201
1180,142,2183,1322,18545679
1181,142,2183,1323,18564249
1182,142,2183,1324,18575542
1184,142,2183,1326,18601946
1185,142,2183,1327,18619551
1186,142,2184,1328,18632328
1187,142,2184,1329,18648392
1189,142,2184,1331,18668327
1190,142,2185,1332,18685805
1192,142,2185,1334,18712209
1192,142,2187,1334,18712209
1192,142,2188,1334,18712209
1192,142,2188,1334,18712209
1193,142,2189,1335,18726028
1194,142,2189,1336,18741874
1195,142,2189,1337,18758773
1195,142,2189,1337,18758773
1196,142,2190,1338,18772402
1196,142,2192,1338,18772402
1196,142,2193,1338,18772402
1196,142,2194,1338,18772402
1197,142,2195,1339,18791811
1198,142,2195,1340,18801198
1198,142,2195,1340,18801198
1198,142,2195,1340,18801198
1200,142,2195,1342,18821133
1201,142,2195,1343,18837667
1202,142,2195,1344,18851296
1203,142,2196,1345,18865624
1203,143,2196,1346,18880071
1203,143,2196,1346,18880071
1203,143,2198,1346,18880071
1203,143,2199,1346,18880071
1203,143,2200,1346,18880071
1203,143,2202,1346,18880071
1203,143,2203,1346,18880071
1204,143,2204,1347,18892080
1204,143,2206,1347,18892080
1204,143,2208,1347,18892080
1204,143,2210,1347,18892080
1204,143,2212,1347,18892080
1204,143,2214,1347,18892080
1204,143,2216,1347,18892080
1204,143,2218,1347,18892080
1204,143,2220,1347,18892080
1205,143,2221,1348,18912588
1206,143,2222,1349,18928376
1207,143,2223,1350,18942704
1208,143,2223,1351,18962619
1209,143,2223,1352,18979698
1209,143,2223,1352,18979698
1209,143,2223,1352,18979698
1209,143,2225,1352,18979698
1209,143,2226,1352,18979698
1210,143,2226,1353,18997419
1210,143,2226,1353,18997419
1210,143,2228,1353,18997419
1210,143,2228,1353,18997419
1210,143,2230,1353,18997419
1212,143,2230,1355,19017346
1213,143,2230,1356,19033192
1215,143,2230,1358,19058936
1215,144,2230,1359,19076180
1215,144,2230,1359,19076180
1215,144,2230,1359,19076180
1215,144,2230,1359,19076180
1216,144,2231,1360,19090508
1217,144,2231,1361,19110423
1217,144,2233,1361,19110423
1217,145,2233,1362,19127658
1217,145,2233,1362,19127658
1217,145,2233,1362,19127658
1217,145,2235,1362,19127658
1217,145,2235,1362,19127658
1217,145,2235,1362,19127658
1217,145,2235,1362,19127658
1217,145,2237,1362,19127658
1218,145,2238,1363,19144737
1218,145,2240,1363,19144737
1218,145,2242,1363,19144737
1218,145,2242,1363,19144737
1218,145,2242,1363,19144737
1218,145,2242,1363,19144737
1218,145,2242,1363,19144737
1218,145,2242,1363,19144737
1220,145,2242,1365,19168323
1221,145,2242,1366,19185010
1221,145,2242,1366,19185010
1221,145,2242,1366,19185010
1221,145,2244,1366,19185010
1222,145,2245,1367,19202533
1222,146,2246,1368,19213307
1223,146,2247,1369,19228734
1223,146,2248,1369,19228734
1225,146,2248,1371,19252320
1226,146,2249,1372,19266147
1228,146,2249,1374,19286074
1229,146,2249,1375,19301920
1230,146,2249,1376,19318819
1230,146,2249,1376,19318819
1231,146,2250,1377,19336342
1232,146,2250,1378,19351769
1233,146,2250,1379,19362542
1233,146,2252,1379,19362542
1233,146,2253,1379,19362542
1233,146,2255,1379,19362542
1233,146,2257,1379,19362542
1233,146,2259,1379,19362542
1233,146,2260,1379,19362542
1234,146,2261,1380,19376369
1235,146,2261,1381,19392903
1236,146,2261,1382,19406532
1237,146,2262,1383,19426828
1238,146,2262,1384,19444433
1239,146,2262,1385,19458715
1239,146,2264,1385,19458715
1239,146,2264,1385,19458715
1240,146,2265,1386,19476193
1241,146,2265,1387,19492880
1242,146,2266,1388,19512877
1243,146,2266,1389,19529777
1244,146,2266,1390,19539831
1245,146,2267,1391,19553008
1246,146,2267,1392,19566232
1247,146,2267,1393,19576280
1247,146,2269,1393,19576280
1247,146,2271,1393,19576280
1247,146,2271,1393,19576280
1248,146,2272,1394,19592856
1248,147,2272,1395,19606492
1249,147,2272,1396,19618590
1250,147,2274,1397,19633957
1250,147,2276,1397,19633957
1250,147,2277,1397,19633957
1251,147,2278,1398,19652665
1251,148,2278,1399,19664973
1251,148,2278,1399,19664973
1251,148,2278,1399,19664973
1252,148,2279,1400,19683640
1252,148,2279,1400,19683640
1252,148,2279,1400,19683640
1252,148,2279,1400,19683640
1252,148,2279,1400,19683640
1252,148,2281,1400,19683640
1254,148,2281,1402,19706452
1255,148,2281,1403,19720742
1256,148,2281,1404,19732600
1256,148,2281,1404,19732600
1256,148,2281,1404,19732600
1257,148,2282,1405,19746907
1257,148,2284,1405,19746907
1257,148,2284,1405,19746907
1257,148,2284,1405,19746907
1257,148,2286,1405,19746907
1257,148,2286,1405,19746907
1258,148,2287,1406,19758916
1258,148,2289,1406,19758916
1258,148,2290,1406,19758916
1258,148,2292,1406,19758916
1258,148,2294,1406,19758916
1258,148,2296,1406,19758916
1260,148,2296,1408,19782017
1261,148,2296,1409,19797334
1262,148,2296,1410,19809509
1264,148,2296,1412,19834187
1265,148,2297,1413,19843423
1265,148,2299,1413,19843423
1265,148,2301,1413,19843423
1265,148,2303,1413,19843423
1265,148,2305,1413,19843423
1265,148,2307,1413,19843423
1265,148,2308,1413,19843423
1265,148,2310,1413,19843423
1265,148,2312,1413,19843423
1265,148,2314,1413,19843423
1265,148,2316,1413,19843423
1265,148,2318,1413,19843423
1265,148,2318,1413,19843423
1265,148,2320,1413,19843423
1265,148,2322,1413,19843423
1265,148,2323,1413,19843423
1267,148,2323,1415,19866165
1268,148,2324,1416,19879992
1269,148,2324,1417,19897713
1272,148,2324,1420,19935181
1273,148,2325,1421,19953889
1273,149,2325,1422,19967899
1273,149,2327,1422,19967899
1273,149,2328,1422,19967899
1273,149,2330,1422,19967899
1273,149,2333,1422,19967899
1273,149,2333,1422,19967899
1273,149,2336,1422,19967899
1275,149,2336,1424,19992715
1276,149,2336,1425,20007122
1277,149,2336,1426,20019158
1278,149,2337,1427,20032977
1279,149,2337,1428,20049876
1280,149,2338,1429,20067354
1281,149,2338,1430,20084041
1281,149,2340,1430,20084041
1281,149,2341,1430,20084041
1281,149,2342,1430,20084041
1281,149,2342,1430,20084041
1281,149,2342,1430,20084041
1281,149,2342,1430,20084041
1282,149,2343,1431,20099829
1283,149,2344,1432,20110830
1283,149,2344,1432,20110830
1283,149,2344,1432,20110830
1283,149,2344,1432,20110830
1283,149,2346,1432,20110830
1283,149,2348,1432,20110830
1283,149,2348,1432,20110830
1283,149,2350,1432,20110830
1283,149,2352,1432,20110830
1283,149,2354,1432,20110830
1284,149,2355,1433,20131338
1284,149,2357,1433,20131338
1284,149,2359,1433,20131338
1284,149,2361,1433,20131338
1284,149,2363,1433,20131338
1284,149,2365,1433,20131338
1284,149,2368,1433,20131338
1284,149,2370,1433,20131338
1284,149,2372,1433,20131338
1284,149,2374,1433,20131338
1284,149,2376,1433,20131338
1284,149,2378,1433,20131338
1284,149,2378,1433,20131338
1284,149,2378,1433,20131338
1284,149,2378,1433,20131338
1284,149,2380,1433,20131338
1284,149,2382,1433,20131338
1284,149,2384,1433,20131338
1284,149,2384,1433,20131338
1284,149,2384,1433,20131338
1286,149,2384,1435,20151075
1286,149,2386,1435,20151075
1288,149,2386,1437,20173817
1289,149,2388,1438,20188543
1289,149,2388,1438,20188543
1289,149,2390,1438,20188543
1290,149,2391,1439,20208540
1291,149,2391,1440,20227782
1291,149,2394,1440,20227782
1293,149,2394,1442,20250524
1294,149,2395,1443,20268002
1296,149,2395,1445,20289898
1297,149,2395,1446,20306173
1298,149,2395,1447,20320199
1298,149,2395,1447,20320199
1298,149,2395,1447,20320199
1298,149,2395,1447,20320199
1299,149,2396,1448,20336833
1300,149,2396,1449,20351559
1300,149,2396,1449,20351559
1300,149,2396,1449,20351559
1301,149,2397,1450,20365386
1302,149,2397,1451,20381920
1303,149,2397,1452,20399641
1303,149,2397,1452,20399641
1303,149,2397,1452,20399641
1303,149,2397,1452,20399641
1303,149,2397,1452,20399641
1304,149,2398,1453,20417119
1305,149,2398,1454,20433806
1305,149,2398,1454,20433806
1305,149,2400,1454,20433806
1307,149,2400,1456,20455702
1308,149,2400,1457,20476210
1309,149,2401,1458,20490037
1310,149,2401,1459,20506571
1311,149,2401,1460,20520200
1313,149,2401,1462,20536362
1313,149,2403,1462,20536362
1313,149,2405,1462,20536362
1313,149,2407,1462,20536362
1313,149,2409,1462,20536362
1313,149,2411,1462,20536362
1313,149,2413,1462,20536362
1313,149,2415,1462,20536362
1314,149,2416,1463,20553262
1315,149,2417,1464,20573259
1315,149,2419,1464,20573259
1315,149,2421,1464,20573259
1315,149,2423,1464,20573259
1315,149,2425,1464,20573259
1315,149,2427,1464,20573259
1315,149,2429,1464,20573259
1316,149,2430,1465,20590737
1317,149,2430,1466,20607424
1318,149,2431,1467,20626457
1319,149,2431,1468,20643450
1321,149,2431,1470,20663385
1322,149,2431,1471,20679919
1323,149,2432,1472,20697397
1324,149,2432,1473,20714084
1324,149,2432,1473,20714084
1325,149,2433,1474,20725551
1325,149,2435,1474,20725551
1325,149,2437,1474,20725551
1325,149,2439,1474,20725551
1325,149,2441,1474,20725551
1325,149,2443,1474,20725551
1325,149,2445,1474,20725551
1325,149,2447,1474,20725551
1325,149,2449,1474,20725551
1325,149,2451,1474,20725551
1325,149,2453,1474,20725551
1325,149,2455,1474,20725551
1325,149,2457,1474,20725551
1325,149,2459,1474,20725551
1326,149,2460,1475,20742255
1327,149,2460,1476,20756545
1328,149,2460,1477,20768403
1330,149,2460,1479,20791145
1330,149,2462,1479,20791145
1330,149,2464,1479,20791145
1331,149,2464,1480,20805871
1331,149,2464,1480,20805871
1331,149,2464,1480,20805871
1332,149,2465,1481,20823349
1334,149,2465,1483,20846935
1335,149,2465,1484,20863622
1336,149,2466,1485,20880256
1337,149,2466,1486,20894665
1338,149,2466,1487,20909391
1339,149,2467,1488,20922168
1340,149,2467,1489,20938232
1341,149,2467,1490,20949697
1341,149,2470,1490,20949697
1342,149,2471,1491,20963516
1343,149,2471,1492,20980415
1343,149,2471,1492,20980415
1343,149,2471,1492,20980415
1343,149,2473,1492,20980415
1343,149,2473,1492,20980415
1343,149,2475,1492,20980415
1344,149,2476,1493,20993979
1344,149,2477,1493,20993979
1344,149,2477,1493,20993979
1344,149,2477,1493,20993979
1344,149,2477,1493,20993979
1344,149,2477,1493,20993979
1344,149,2477,1493,20993979
1344,149,2479,1493,20993979
1344,149,2480,1493,20993979
1344,149,2480,1493,20993979
1344,149,2480,1493,20993979
1344,149,2480,1493,20993979
1345,149,2481,1494,21009767
1346,149,2482,1495,21024336
1346,149,2484,1495,21024336
1347,149,2485,1496,21043972
1348,149,2486,1497,21056996
1350,149,2486,1499,21083400
1351,149,2487,1500,21099976
1352,149,2487,1501,21108836
1353,149,2488,1502,21126314
1354,149,2488,1503,21143001
1355,149,2488,1504,21155951
1355,149,2488,1504,21155951
1355,149,2490,1504,21155951
1355,149,2491,1504,21155951
1355,149,2493,1504,21155951
1355,149,2494,1504,21155951
1355,149,2494,1504,21155951
1355,149,2494,1504,21155951
1355,149,2494,1504,21155951
1355,149,2496,1504,21155951
1355,149,2498,1504,21155951
1355,149,2498,1504,21155951
1355,149,2498,1504,21155951
1356,149,2499,1505,21175948
1356,149,2501,1505,21175948
1356,149,2503,1505,21175948
1356,149,2504,1505,21175948
1356,149,2505,1505,21175948
1357,149,2506,1506,21196244
1358,149,2506,1507,21207294
1358,149,2508,1507,21207294
1358,149,2509,1507,21207294
1358,149,2511,1507,21207294
1358,149,2512,1507,21207294
1358,149,2512,1507,21207294
1358,149,2512,1507,21207294
1358,149,2512,1507,21207294
1358,149,2512,1507,21207294
1360,149,2512,1509,21233399
1361,149,2512,1510,21250299
1362,149,2512,1511,21260353
1362,149,2512,1511,21260353
1362,149,2512,1511,21260353
1362,149,2512,1511,21260353
1362,149,2512,1511,21260353
1363,149,2513,1512,21274180
1364,149,2513,1513,21290714
1365,149,2513,1514,21304343
1366,149,2514,1515,21321821
1367,149,2514,1516,21338508
1367,149,2516,1516,21338508
1367,149,2518,1516,21338508
1368,149,2519,1517,21355142
1369,149,2519,1518,21369868
1369,149,2519,1518,21369868
1369,149,2519,1518,21369868
1369,149,2521,1518,21369868
1369,149,2521,1518,21369868
1369,149,2521,1518,21369868
1371,149,2521,1520,21392610
1372,149,2522,1521,21410088
1372,149,2524,1521,21410088
1372,149,2525,1521,21410088
1372,149,2527,1521,21410088
1372,149,2528,1521,21410088
1372,149,2531,1521,21410088
1372,149,2531,1521,21410088
1372,149,2531,1521,21410088
1372,149,2531,1521,21410088
1372,149,2533,1521,21410088
1372,149,2534,1521,21410088
1374,149,2534,1523,21430023
1375,149,2534,1524,21446557
1376,149,2534,1525,21460186
1377,149,2535,1526,21480482
1378,149,2535,1527,21498087
1378,149,2537,1527,21498087
1378,149,2539,1527,21498087
1378,149,2539,1527,21498087
1378,149,2539,1527,21498087
1378,149,2539,1527,21498087
1378,149,2541,1527,21498087
1378,149,2543,1527,21498087
1380,149,2543,1529,21524192
1381,149,2544,1530,21541670
1382,149,2544,1531,21558357
1382,149,2546,1531,21558357
1382,149,2547,1531,21558357
1382,149,2548,1531,21558357
1382,149,2548,1531,21558357
1382,149,2548,1531,21558357
1382,149,2548,1531,21558357
1383,149,2549,1532,21577390
1384,149,2549,1533,21594383
1385,149,2549,1534,21605850
1385,150,2549,1535,21615548
1386,150,2550,1536,21629375
1387,150,2550,1537,21639621
1388,150,2550,1538,21657144
1388,150,2550,1538,21657144
1388,150,2552,1538,21657144
1388,150,2554,1538,21657144
1388,150,2556,1538,21657144
1388,150,2558,1538,21657144
1389,150,2559,1539,21673597
1390,150,2559,1540,21685363
1390,150,2561,1540,21685363
1390,150,2561,1540,21685363
1390,150,2561,1540,21685363
1390,150,2561,1540,21685363
1391,150,2562,1541,21701939
1392,150,2562,1542,21715574
1393,150,2562,1543,21727672
1393,150,2564,1543,21727672
1393,150,2566,1543,21727672
1393,150,2568,1543,21727672
1394,150,2569,1544,21744376
1395,150,2569,1545,21762742
1395,151,2569,1546,21778327
1395,152,2569,1547,21786770
1397,152,2569,1549,21809512
1398,152,2569,1550,21824238
1398,152,2569,1550,21824238
1398,152,2569,1550,21824238
1399,152,2570,1551,21837802
1399,152,2570,1551,21837802
1399,152,2570,1551,21837802
1399,152,2570,1551,21837802
1399,152,2570,1551,21837802
1399,152,2570,1551,21837802
1399,152,2570,1551,21837802
1399,152,2570,1551,21837802
1399,152,2570,1551,21837802
1399,152,2570,1551,21837802
1399,152,2570,1551,21837802
1400,152,2571,1552,21853590
1401,152,2571,1553,21874098
1401,152,2571,1553,21874098
1401,152,2571,1553,21874098
1401,152,2571,1553,21874098
1401,152,2571,1553,21874098
1401,152,2573,1553,21874098
1401,152,2574,1553,21874098
1401,152,2576,1553,21874098
1401,152,2577,1553,21874098
1401,152,2577,1553,21874098
1401,152,2577,1553,21874098
1402,152,2578,1554,21891576
1403,152,2578,1555,21908263
1403,152,2580,1555,21908263
1405,152,2580,1557,21933404
1406,152,2580,1558,21950397
1407,152,2580,1559,21961864
1408,152,2580,1560,21971561
1409,152,2581,1561,21991857
1409,153,2582,1562,21995980
1409,153,2584,1562,21995980
1409,153,2586,1562,21995980
1409,153,2588,1562,21995980
1409,153,2590,1562,21995980
1409,153,2592,1562,21995980
1409,153,2593,1562,21995980
1409,153,2595,1562,21995980
1409,153,2596,1562,21995980
1409,153,2598,1562,21995980
1409,153,2599,1562,21995980
1409,153,2601,1562,21995980
1409,153,2603,1562,21995980
1410,153,2604,1563,22012556
1410,153,2606,1563,22012556
1412,153,2606,1565,22036142
1413,153,2606,1566,22052829
1414,153,2607,1567,22071862
1415,153,2607,1568,22088855
1416,153,2607,1569,22100322
1416,153,2607,1569,22100322
1416,153,2607,1569,22100322
1416,153,2607,1569,22100322
1418,153,2607,1571,22125463
1419,153,2607,1572,22138128
1419,153,2607,1572,22138128
1419,153,2607,1572,22138128
1419,153,2607,1572,22138128
1419,153,2609,1572,22138128
1419,153,2609,1572,22138128
1419,153,2609,1572,22138128
1421,153,2609,1574,22160923
1421,153,2609,1574,22160923
1421,153,2611,1574,22160923
1422,153,2612,1575,22177557
1422,153,2614,1575,22177557
1422,153,2616,1575,22177557
1422,153,2617,1575,22177557
1422,153,2617,1575,22177557
1422,153,2617,1575,22177557
1422,153,2617,1575,22177557
1422,153,2619,1575,22177557
1422,153,2622,1575,22177557
1422,153,2625,1575,22177557
1422,153,2628,1575,22177557
1422,153,2631,1575,22177557
1422,153,2634,1575,22177557
1422,153,2636,1575,22177557
1422,153,2638,1575,22177557
1422,153,2640,1575,22177557
1424,153,2640,1577,22197492
1425,153,2640,1578,22214026
1426,153,2640,1579,22231747
1427,153,2641,1580,22245376
1428,153,2642,1581,22262854
1429,153,2642,1582,22279541
1430,153,2643,1583,22299837
1431,153,2643,1584,22310887
1433,153,2643,1586,22331323
1434,153,2643,1587,22342954
1435,153,2643,1588,22352635
1435,153,2643,1588,22352635
1435,153,2643,1588,22352635
1435,153,2643,1588,22352635
1435,154,2644,1589,22362932
1435,154,2646,1589,22362932
1435,154,2648,1589,22362932
1435,154,2650,1589,22362932
1435,154,2652,1589,22362932
1435,154,2654,1589,22362932
1435,154,2656,1589,22362932
1435,154,2659,1589,22362932
1435,154,2661,1589,22362932
1435,154,2663,1589,22362932
1435,154,2665,1589,22362932
1435,154,2667,1589,22362932
1435,154,2669,1589,22362932
1435,154,2671,1589,22362932
1435,154,2673,1589,22362932
1435,154,2675,1589,22362932
1435,154,2677,1589,22362932
1435,154,2680,1589,22362932
1435,154,2682,1589,22362932
1436,154,2683,1590,22380410
1437,154,2683,1591,22397097
1437,154,2685,1591,22397097
1437,154,2687,1591,22397097
1437,154,2688,1591,22397097
1437,154,2689,1591,22397097
1438,154,2690,1592,22414575
1439,154,2690,1593,22431262
1439,154,2692,1593,22431262
1439,154,2694,1593,22431262
1439,154,2696,1593,22431262
1439,154,2698,1593,22431262
1439,154,2700,1593,22431262
1439,154,2702,1593,22431262
1439,154,2704,1593,22431262
1439,154,2706,1593,22431262
1439,154,2708,1593,22431262
1439,154,2710,1593,22431262
1439,154,2712,1593,22431262
1439,154,2714,1593,22431262
1439,154,2716,1593,22431262
1439,154,2718,1593,22431262
1439,154,2720,1593,22431262
1439,154,2722,1593,22431262
1439,154,2724,1593,22431262
1439,154,2726,1593,22431262
1439,154,2728,1593,22431262
1439,154,2730,1593,22431262
1439,154,2732,1593,22431262
1439,154,2732,1593,22431262
1439,154,2732,1593,22431262
1439,154,2734,1593,22431262
1439,154,2736,1593,22431262
1439,154,2738,1593,22431262
1439,154,2740,1593,22431262
1439,154,2742,1593,22431262
1439,154,2744,1593,22431262
1440,154,2745,1594,22447966
1441,154,2745,1595,22462256
1442,154,2747,1596,22474114
1442,154,2747,1596,22474114
1442,154,2747,1596,22474114
1442,154,2747,1596,22474114
1442,154,2749,1596,22474114
1442,154,2752,1596,22474114
1442,154,2752,1596,22474114
1442,154,2754,1596,22474114
1443,154,2755,1597,22490567
1444,154,2756,1598,22508288
1444,154,2756,1598,22508288
1444,154,2756,1598,22508288
1444,154,2756,1598,22508288
1446,154,2756,1600,22534393
1447,154,2756,1601,22551293
1448,154,2756,1602,22561347
1448,154,2756,1602,22561347
1448,154,2756,1602,22561347
1448,154,2756,1602,22561347
1448,154,2756,1602,22561347
1448,154,2758,1602,22561347
1448,154,2760,1602,22561347
1448,154,2762,1602,22561347
1448,154,2762,1602,22561347
1449,154,2763,1603,22575174
1450,154,2763,1604,22592895
1450,154,2763,1604,22592895
1452,154,2763,1606,22612830
1453,154,2764,1607,22629464
1455,154,2764,1609,22652206
1456,154,2764,1610,22666932
1456,154,2764,1610,22666932
1456,154,2764,1610,22666932
1457,154,2765,1611,22684410
1458,154,2765,1612,22701097
1458,154,2767,1612,22701097
1458,154,2768,1612,22701097
1460,154,2768,1614,22723892
1460,154,2768,1614,22723892
1461,154,2769,1615,22738220
1462,154,2769,1616,22748516
1462,154,2769,1616,22748516
1463,154,2770,1617,22765994
1465,154,2770,1619,22788678
1466,154,2770,1620,22800776
1466,154,2770,1620,22800776
1466,154,2770,1620,22800776
1467,154,2771,1621,22816564
1467,154,2773,1621,22816564
1467,154,2775,1621,22816564
1468,154,2776,1622,22830892
1469,154,2776,1623,22847971
1469,154,2776,1623,22847971
1469,154,2776,1623,22847971
1469,154,2778,1623,22847971
1469,154,2780,1623,22847971
1469,154,2780,1623,22847971
1469,154,2782,1623,22847971
1469,154,2782,1623,22847971
1469,154,2782,1623,22847971
1469,154,2782,1623,22847971
1469,154,2784,1623,22847971
1469,154,2786,1623,22847971
1469,154,2786,1623,22847971
1469,154,2786,1623,22847971
1469,154,2786,1623,22847971
1469,154,2786,1623,22847971
1471,154,2786,1625,22871557
1472,154,2786,1626,22888244
1473,154,2787,1627,22908241
1475,154,2787,1629,22933382
1476,154,2788,1630,22946159
1477,154,2788,1631,22957033
1478,154,2788,1632,22968034
1478,154,2788,1632,22968034
1479,154,2789,1633,22982341
1481,154,2789,1635,23002796
1482,154,2789,1636,23014023
1483,154,2790,1637,23031016
1485,154,2790,1639,23054602
1486,154,2790,1640,23071289
1487,154,2791,1641,23091286
1488,154,2791,1642,23108186
1489,154,2791,1643,23118240
1489,154,2791,1643,23118240
1489,154,2791,1643,23118240
1489,154,2791,1643,23118240
1489,154,2791,1643,23118240
1489,154,2791,1643,23118240
1489,154,2791,1643,23118240
1489,154,2793,1643,23118240
1489,154,2795,1643,23118240
1489,154,2797,1643,23118240
1489,154,2799,1643,23118240
1489,154,2801,1643,23118240
1489,154,2803,1643,23118240
1489,154,2805,1643,23118240
1489,154,2807,1643,23118240
1489,154,2809,1643,23118240
1489,154,2811,1643,23118240
1489,154,2813,1643,23118240
1489,154,2815,1643,23118240
1489,154,2817,1643,23118240
1489,154,2819,1643,23118240
1489,154,2821,1643,23118240
1489,154,2823,1643,23118240
1489,154,2825,1643,23118240
1491,154,2825,1645,23141871
1492,154,2825,1646,23157298
1494,154,2825,1648,23183702
1496,154,2825,1650,23203439
1496,154,2827,1650,23203439
1496,154,2829,1650,23203439
1496,154,2831,1650,23203439
1496,154,2833,1650,23203439
1496,154,2835,1650,23203439
1496,154,2837,1650,23203439
1496,154,2839,1650,23203439
1496,154,2841,1650,23203439
1496,154,2843,1650,23203439
1496,154,2845,1650,23203439
1497,154,2846,1651,23216705
1498,154,2846,1652,23227926
1498,155,2846,1653,23238751
1498,155,2846,1653,23238751
1498,155,2846,1653,23238751
1499,155,2847,1654,23256229
1500,155,2847,1655,23272916
1502,155,2847,1657,23290251
1503,155,2849,1658,23304598
1503,155,2851,1658,23304598
1503,155,2853,1658,23304598
1504,155,2854,1659,23321232
1505,155,2855,1660,23338710
1506,155,2856,1661,23355703
1506,155,2858,1661,23355703
1506,155,2860,1661,23355703
1507,155,2861,1662,23375999
1508,155,2861,1663,23390305
1509,155,2862,1664,23408972
1509,155,2862,1664,23408972
1509,155,2862,1664,23408972
1509,155,2864,1664,23408972
1509,155,2865,1664,23408972
1509,155,2867,1664,23408972
1509,155,2868,1664,23408972
1510,155,2869,1665,23422149
1512,155,2869,1667,23451343
1512,155,2871,1667,23451343
1512,155,2873,1667,23451343
1512,155,2875,1667,23451343
1512,155,2876,1667,23451343
1512,155,2878,1667,23451343
1513,155,2878,1668,23465625
1513,155,2880,1668,23465625
1514,155,2880,1669,23476962
1514,155,2880,1669,23476962
1514,155,2880,1669,23476962
1514,155,2880,1669,23476962
1515,155,2881,1670,23486964
1516,155,2882,1671,23503668
1517,155,2883,1672,23517958
1518,155,2883,1673,23529816
1518,155,2885,1673,23529816
1518,155,2888,1673,23529816
1518,155,2888,1673,23529816
1518,155,2888,1673,23529816
1519,155,2889,1674,23547294
1520,155,2889,1675,23563981
1520,155,2891,1675,23563981
1520,155,2893,1675,23563981
1520,155,2895,1675,23563981
1521,155,2896,1676,23577808
1522,155,2896,1677,23595529
1522,155,2896,1677,23595529
1522,155,2896,1677,23595529
1524,155,2896,1679,23621933
1525,155,2897,1680,23641342
1526,155,2897,1681,23650729
1527,155,2897,1682,23662494
1528,155,2898,1683,23682130
1529,155,2899,1684,23692184
1529,155,2901,1684,23692184
1530,155,2902,1685,23706753
1531,155,2903,1686,23723329
1532,155,2903,1687,23732189
1533,155,2904,1688,23752186
1534,155,2904,1689,23771428
1534,155,2904,1689,23771428
1535,155,2905,1690,23788328
1536,155,2905,1691,23798382
1536,155,2907,1691,23798382
1536,155,2909,1691,23798382
1536,155,2911,1691,23798382
1538,155,2911,1693,23821968
1539,155,2911,1694,23838655
1540,155,2912,1695,23851832
1541,155,2912,1696,23865056
1542,155,2912,1697,23875104
1542,155,2914,1697,23875104
1542,155,2916,1697,23875104
1542,155,2918,1697,23875104
1542,155,2920,1697,23875104
1542,155,2922,1697,23875104
1542,155,2924,1697,23875104
1542,155,2926,1697,23875104
1542,155,2928,1697,23875104
1542,155,2930,1697,23875104
1542,155,2932,1697,23875104
1542,155,2934,1697,23875104
1542,155,2936,1697,23875104
1542,155,2938,1697,23875104
1543,155,2939,1698,23891680
1544,155,2939,1699,23904110
1544,155,2939,1699,23904110
1544,155,2939,1699,23904110
1544,155,2939,1699,23904110
1544,155,2941,1699,23904110
1546,155,2941,1701,23924546
1547,155,2941,1702,23936177
1548,155,2941,1703,23950708
1550,155,2941,1705,23976813
1551,155,2941,1706,23996055
1551,155,2941,1706,23996055
1553,155,2942,1708,24027415
1553,155,2944,1708,24027415
1553,155,2945,1708,24027415
1553,155,2947,1708,24027415
1553,155,2948,1708,24027415
1555,155,2948,1710,24051046
1556,155,2948,1711,24065352
1557,155,2948,1712,24080779
1557,155,2948,1712,24080779
1557,155,2948,1712,24080779
1557,155,2948,1712,24080779
1557,155,2948,1712,24080779
1557,155,2948,1712,24080779
1557,155,2948,1712,24080779
1558,155,2949,1713,24093556
1559,155,2949,1714,24109620
1559,155,2949,1714,24109620
1559,155,2949,1714,24109620
1559,155,2949,1714,24109620
1559,155,2949,1714,24109620
1559,155,2951,1714,24109620
1559,155,2952,1714,24109620
1559,155,2952,1714,24109620
1559,155,2954,1714,24109620
1559,155,2955,1714,24109620
1559,155,2956,1714,24109620
1559,155,2958,1714,24109620
1559,155,2959,1714,24109620
1559,155,2959,1714,24109620
1559,155,2959,1714,24109620
1559,155,2959,1714,24109620
1560,155,2960,1715,24125408
1561,155,2960,1716,24145916
1561,155,2960,1716,24145916
1561,155,2960,1716,24145916
1561,155,2960,1716,24145916
1561,155,2960,1716,24145916
1561,155,2962,1716,24145916
1561,155,2963,1716,24145916
1561,155,2964,1716,24145916
1561,155,2964,1716,24145916
1562,155,2965,1717,24160244
1563,155,2965,1718,24180159
1563,155,2965,1718,24180159
1563,155,2965,1718,24180159
1563,155,2965,1718,24180159
1563,155,2967,1718,24180159
1563,155,2969,1718,24180159
1563,155,2970,1718,24180159
1563,155,2972,1718,24180159
1565,155,2972,1720,24202843
1566,155,2972,1721,24211703
1567,155,2972,1722,24224133
1568,155,2973,1723,24240972
1570,155,2973,1725,24260907
1571,155,2973,1726,24271153
1572,155,2973,1727,24288676
1573,155,2974,1728,24305252
1574,155,2974,1729,24318887
1575,155,2974,1730,24330985
1577,155,2974,1732,24353669
1578,155,2974,1733,24362529
1579,155,2975,1734,24380052
1580,155,2975,1735,24396891
1582,155,2975,1737,24416826
1583,155,2975,1738,24433360
1584,155,2975,1739,24446989
1585,155,2976,1740,24463623
1586,155,2976,1741,24478349
1586,155,2976,1741,24478349
1586,155,2976,1741,24478349
1586,155,2978,1741,24478349
1586,155,2979,1741,24478349
1587,155,2979,1742,24488403
1587,155,2981,1742,24488403
1588,155,2981,1743,24505090
1590,155,2981,1745,24530231
1591,155,2981,1746,24544538
1591,155,2981,1746,24544538
1593,155,2981,1748,24564473
1594,155,2981,1749,24581007
1595,155,2981,1750,24594636
1596,155,2982,1751,24614932
1597,155,2982,1752,24632537
1597,155,2982,1752,24632537
1597,155,2982,1752,24632537
1597,155,2984,1752,24632537
1597,155,2985,1752,24632537
1597,155,2985,1752,24632537
1597,155,2985,1752,24632537
1597,155,2985,1752,24632537
1597,155,2987,1752,24632537
1598,155,2988,1753,24646356
1599,155,2988,1754,24662202
1600,155,2988,1755,24679101
1601,156,2988,1757,24695142
1602,156,2989,1758,24709868
1602,156,2989,1758,24709868
1602,156,2989,1758,24709868
1604,156,2989,1760,24729803
1605,156,2990,1761,24747281
1606,156,2990,1762,24763968
1606,156,2992,1762,24763968
1607,156,2993,1763,24781689
1609,156,2993,1765,24804373
1610,156,2993,1766,24813233
1611,156,2993,1767,24825663
1611,156,2993,1767,24825663
1612,156,2994,1768,24839490
1614,156,2994,1770,24859417
1615,156,2994,1771,24872441
1615,156,2994,1771,24872441
1615,156,2994,1771,24872441
1615,156,2994,1771,24872441
1616,156,2995,1772,24889919
1617,156,2996,1773,24906623
1618,156,2996,1774,24924989
1619,156,2997,1775,24933431
1620,156,2998,1776,24949015
1620,156,3000,1776,24949015
1621,156,3001,1777,24965649
1622,156,3001,1778,24980058
1624,156,3001,1780,25005539
1625,156,3002,1781,25022438
1626,156,3003,1782,25032331
1626,156,3003,1782,25032331
1626,156,3003,1782,25032331
1628,156,3003,1784,25055339
1628,156,3003,1784,25055339
1628,156,3003,1784,25055339
1629,156,3004,1785,25075336
1629,156,3006,1785,25075336
1630,156,3007,1786,25092814
1632,156,3007,1788,25115626
1632,156,3007,1788,25115626
1632,156,3007,1788,25115626
1632,156,3007,1788,25115626
1632,156,3007,1788,25115626
1633,156,3008,1789,25133104
1634,156,3008,1790,25146442
1636,156,3008,1792,25166377
1637,156,3008,1793,25182911
1638,156,3008,1794,25196540
1638,156,3008,1794,25196540
1638,156,3008,1794,25196540
1639,156,3009,1795,25214018
1640,156,3009,1796,25230705
1640,157,3010,1797,25245219
1640,157,3010,1797,25245219
1640,157,3010,1797,25245219
1640,157,3012,1797,25245219
1641,157,3012,1798,25261906
1643,157,3012,1800,25284648
1644,157,3012,1801,25300836
1644,157,3012,1801,25300836
1644,157,3012,1801,25300836
1644,157,3012,1801,25300836
1644,157,3012,1801,25300836
1644,157,3012,1801,25300836
1644,157,3012,1801,25300836
1644,157,3014,1801,25300836
1645,157,3014,1802,25315562
1646,157,3015,1803,25333040
1648,157,3015,1805,25359444
1650,157,3015,1807,25383030
1651,157,3015,1808,25393898
1651,158,3015,1809,25405856
1652,158,3016,1810,25419675
1653,158,3016,1811,25435521
1654,158,3016,1812,25452420
1654,158,3016,1812,25452420
1654,158,3016,1812,25452420
1656,158,3016,1814,25476006
1657,158,3016,1815,25492693
1658,158,3017,1816,25511360
1658,158,3017,1816,25511360
1658,158,3017,1816,25511360
1658,158,3017,1816,25511360
1660,158,3017,1818,25534946
1661,158,3017,1819,25551939
1662,158,3017,1820,25562683
1662,158,3017,1820,25562683
1662,158,3017,1820,25562683
1663,158,3018,1821,25578471
1664,158,3018,1822,25598979
1665,158,3018,1823,25610988
1665,158,3018,1823,25610988
1665,158,3018,1823,25610988
1665,158,3018,1823,25610988
1665,158,3018,1823,25610988
1665,158,3020,1823,25610988
1666,158,3020,1824,25627675
1668,158,3020,1826,25651261
1669,158,3020,1827,25667948
1669,158,3022,1827,25667948
1669,158,3024,1827,25667948
1669,158,3026,1827,25667948
1669,158,3028,1827,25667948
1669,158,3030,1827,25667948
1669,158,3032,1827,25667948
1669,158,3034,1827,25667948
1669,158,3036,1827,25667948
1669,158,3038,1827,25667948
1669,158,3040,1827,25667948
1669,158,3042,1827,25667948
1669,158,3044,1827,25667948
1669,158,3046,1827,25667948
1669,158,3048,1827,25667948
1669,158,3050,1827,25667948
1669,158,3052,1827,25667948
1669,158,3054,1827,25667948
1669,158,3056,1827,25667948
1669,158,3058,1827,25667948
1669,158,3058,1827,25667948
1671,158,3058,1829,25694053
1673,158,3058,1831,25716795
1674,158,3058,1832,25731204
1674,158,3058,1832,25731204
1674,158,3058,1832,25731204
1674,158,3058,1832,25731204
1675,158,3059,1833,25751201
1676,158,3059,1834,25768101
1677,158,3059,1835,25778155
1677,158,3059,1835,25778155
1677,158,3059,1835,25778155
1677,158,3059,1835,25778155
1677,158,3059,1835,25778155
1679,158,3059,1837,25800897
1680,158,3059,1838,25815244
1681,158,3059,1839,25826471
1681,158,3061,1839,25826471
1681,158,3063,1839,25826471
1681,158,3065,1839,25826471
1682,158,3065,1840,25841197
1682,158,3065,1840,25841197
1682,158,3065,1840,25841197
1684,158,3065,1842,25864783
1685,158,3065,1843,25875651
1686,158,3065,1844,25887608
1687,158,3065,1845,25896844
1688,158,3066,1846,25910663
1689,158,3066,1847,25926509
1690,158,3066,1848,25943408
1692,158,3066,1850,25963335
1693,158,3066,1851,25979181
1694,158,3067,1852,25993509
1695,158,3067,1853,26013424
1697,158,3067,1855,26036166
1698,158,3068,1856,26052820
1699,158,3069,1857,26067229
1699,158,3071,1857,26067229
1700,158,3072,1858,26084707
1701,158,3073,1859,26098526
1702,158,3073,1860,26114372
1703,158,3073,1861,26131271
1703,158,3076,1861,26131271
1703,158,3079,1861,26131271
1706,158,3079,1864,26158572
1708,158,3079,1866,26182158
1709,158,3079,1867,26198845
1710,158,3080,1868,26219141
1711,158,3080,1869,26236746
1711,158,3080,1869,26236746
1711,158,3080,1869,26236746
1711,158,3080,1869,26236746
1711,158,3080,1869,26236746
1711,158,3080,1869,26236746
1713,158,3080,1871,26259558
1713,159,3080,1872,26271694
1715,159,3080,1874,26298098
1716,159,3080,1875,26309148
1717,159,3081,1876,26324936
1718,159,3081,1877,26345444
1719,159,3081,1878,26357453
1720,159,3082,1879,26374931
1721,159,3082,1880,26391618
1721,159,3084,1880,26391618
1723,159,3084,1882,26415204
1724,159,3085,1883,26426497
1725,159,3085,1884,26437608
1726,159,3086,1885,26456178
1727,159,3087,1886,26476175
1728,159,3087,1887,26493075
1729,159,3087,1888,26503129
1731,159,3087,1890,26525813
1732,159,3087,1891,26534673
1733,159,3087,1892,26547103
1734,159,3088,1893,26560732
1735,159,3089,1894,26580729
1736,159,3089,1895,26599971
1737,159,3090,1896,26613148
1739,159,3090,1898,26642342
1739,159,3090,1898,26642342
1739,159,3092,1898,26642342
1740,159,3092,1899,26658876
1741,159,3092,1900,26672505
1741,159,3094,1900,26672505
1741,159,3095,1900,26672505
1741,159,3097,1900,26672505
1741,159,3098,1900,26672505
1741,159,3099,1900,26672505
1741,159,3099,1900,26672505
1741,159,3101,1900,26672505
1741,160,3101,1901,26687590
1741,160,3101,1901,26687590
1741,160,3101,1901,26687590
1743,160,3101,1903,26707517
1744,160,3101,1904,26723363
1745,160,3102,1905,26737190
1745,160,3104,1905,26737190
1747,160,3104,1907,26757645
1748,160,3104,1908,26768872
1749,160,3105,1909,26785506
1749,160,3107,1909,26785506
1749,160,3109,1909,26785506
1749,160,3110,1909,26785506
1749,160,3112,1909,26785506
1749,160,3113,1909,26785506
1749,160,3113,1909,26785506
1749,160,3113,1909,26785506
1751,160,3113,1911,26809092
1752,160,3113,1912,26825779
1752,160,3115,1912,26825779
1752,160,3115,1912,26825779
1752,160,3117,1912,26825779
1753,160,3118,1913,26845776
1754,160,3118,1914,26862676
1754,160,3120,1914,26862676
1754,160,3122,1914,26862676
1754,160,3124,1914,26862676
1754,160,3126,1914,26862676
1754,160,3128,1914,26862676
1754,160,3130,1914,26862676
1754,160,3130,1914,26862676
1754,160,3130,1914,26862676
1754,160,3132,1914,26862676
1754,160,3134,1914,26862676
1754,160,3134,1914,26862676
1754,160,3134,1914,26862676
1754,160,3136,1914,26862676
1755,160,3137,1915,26876503
1756,160,3137,1916,26893037
1758,160,3137,1918,26912972
1759,160,3137,1919,26929506
1760,160,3137,1920,26943135
1761,160,3138,1921,26963431
1762,160,3138,1922,26981036
1762,160,3138,1922,26981036
1762,160,3138,1922,26981036
1764,160,3138,1924,27001472
1765,160,3138,1925,27013103
1766,160,3138,1926,27022784
1767,160,3139,1927,27036611
1767,160,3139,1927,27036611
1768,160,3140,1928,27050430
1769,160,3140,1929,27066276
1770,160,3140,1930,27083175
1772,160,3140,1932,27103110
1773,160,3140,1933,27119644
1774,160,3140,1934,27133273
1774,160,3142,1934,27133273
1774,160,3142,1934,27133273
1774,160,3142,1934,27133273
1775,160,3143,1935,27150751
1776,160,3143,1936,27167438
1778,160,3143,1938,27191024
1779,160,3143,1939,27207711
1779,160,3143,1939,27207711
1779,160,3145,1939,27207711
1779,160,3145,1939,27207711
1779,160,3145,1939,27207711
1779,160,3145,1939,27207711
1779,160,3145,1939,27207711
1779,160,3145,1939,27207711
1779,160,3147,1939,27207711
1779,160,3149,1939,27207711
1779,160,3151,1939,27207711
1779,160,3151,1939,27207711
1780,160,3152,1940,27227708
1781,160,3152,1941,27246950
1781,160,3152,1941,27246950
1781,160,3152,1941,27246950
1781,160,3152,1941,27246950
1781,160,3152,1941,27246950
1781,160,3152,1941,27246950
1781,160,3152,1941,27246950
1781,160,3154,1941,27246950
1781,160,3154,1941,27246950
1781,160,3154,1941,27246950
1781,160,3154,1941,27246950
1781,160,3154,1941,27246950
1781,160,3154,1941,27246950
1781,160,3154,1941,27246950
1781,160,3154,1941,27246950
1781,160,3154,1941,27246950
1782,160,3155,1942,27260769
1783,160,3155,1943,27277668
1783,161,3156,1944,27288755
1783,161,3156,1944,27288755
1783,161,3156,1944,27288755
1783,161,3158,1944,27288755
1783,161,3160,1944,27288755
1783,161,3162,1944,27288755
1783,161,3164,1944,27288755
1783,161,3164,1944,27288755
1783,161,3164,1944,27288755
1784,161,3165,1945,27303268
1784,161,3167,1945,27303268
1784,161,3169,1945,27303268
1784,161,3171,1945,27303268
1784,161,3173,1945,27303268
1784,161,3175,1945,27303268
1784,161,3177,1945,27303268
1784,161,3179,1945,27303268
1784,161,3181,1945,27303268
1784,161,3183,1945,27303268
1784,161,3183,1945,27303268
1784,161,3183,1945,27303268
1784,161,3183,1945,27303268
1784,161,3183,1945,27303268
1784,161,3183,1945,27303268
1784,161,3183,1945,27303268
1784,161,3185,1945,27303268
1784,161,3185,1945,27303268
1784,161,3187,1945,27303268
1784,161,3189,1945,27303268
1784,161,3191,1945,27303268
1784,161,3193,1945,27303268
1784,161,3195,1945,27303268
1784,161,3197,1945,27303268
1784,161,3199,1945,27303268
1784,161,3201,1945,27303268
1784,161,3203,1945,27303268
1784,161,3205,1945,27303268
1784,161,3207,1945,27303268
1784,161,3209,1945,27303268
1785,161,3210,1946,27317994
1787,161,3210,1948,27337921
1788,161,3210,1949,27354820
1789,161,3211,1950,27372298
1790,161,3211,1951,27388985
1791,161,3212,1952,27400071
1791,161,3214,1952,27400071
1791,161,3216,1952,27400071
1791,161,3218,1952,27400071
1791,161,3220,1952,27400071
1791,161,3222,1952,27400071
1791,161,3224,1952,27400071
1791,161,3226,1952,27400071
1791,161,3228,1952,27400071
1791,161,3230,1952,27400071
1791,161,3232,1952,27400071
1791,161,3234,1952,27400071
1791,162,3235,1953,27411411
1791,162,3237,1953,27411411
1791,162,3239,1953,27411411
1792,162,3240,1954,27430444
1792,162,3241,1954,27430444
1792,162,3241,1954,27430444
1792,162,3243,1954,27430444
1792,162,3245,1954,27430444
1792,162,3247,1954,27430444
1792,163,3247,1955,27443406
1794,163,3247,1957,27466201
1796,163,3247,1959,27488996
1798,163,3247,1961,27508931
1799,163,3247,1962,27525465
1800,163,3248,1963,27542099
1802,163,3248,1965,27562034
1803,163,3249,1966,27579512
1804,163,3250,1967,27596146
1805,163,3250,1968,27610872
1807,163,3250,1970,27633614
1808,163,3250,1971,27643507
1808,163,3250,1971,27643507
1808,163,3250,1971,27643507
1808,163,3250,1971,27643507
1808,163,3250,1971,27643507
1808,163,3250,1971,27643507
1808,163,3250,1971,27643507
1809,163,3251,1972,27660985
1810,163,3251,1973,27671853
1811,163,3251,1974,27681089
1811,163,3251,1974,27681089
1811,163,3251,1974,27681089
1811,163,3251,1974,27681089
1811,163,3251,1974,27681089
1811,163,3251,1974,27681089
1812,163,3252,1975,27691143
1812,163,3254,1975,27691143
1812,163,3256,1975,27691143
1812,163,3258,1975,27691143
1813,163,3259,1976,27708043
1814,163,3260,1977,27728040
1814,163,3262,1977,27728040
1814,163,3264,1977,27728040
1814,163,3266,1977,27728040
1814,163,3268,1977,27728040
1814,163,3270,1977,27728040
1814,163,3272,1977,27728040
1814,163,3274,1977,27728040
1814,163,3276,1977,27728040
1814,163,3278,1977,27728040
1816,163,3278,1979,27754145
1817,163,3278,1980,27773387
1817,163,3278,1980,27773387
1817,163,3278,1980,27773387
1817,163,3278,1980,27773387
1817,163,3278,1980,27773387
1817,163,3278,1980,27773387
1817,163,3278,1980,27773387
1817,163,3278,1980,27773387
1818,163,3279,1981,27790865
1819,163,3279,1982,27807858
1820,163,3279,1983,27822071
1820,163,3279,1983,27822071
1820,163,3279,1983,27822071
1820,163,3279,1983,27822071
1822,163,3279,1985,27845657
1823,163,3279,1986,27862344
1823,163,3279,1986,27862344
1823,163,3279,1986,27862344
1824,163,3280,1987,27882341
1825,163,3280,1988,27899241
1826,163,3280,1989,27909295
1826,163,3280,1989,27909295
1826,163,3280,1989,27909295
1827,163,3281,1990,27927962
1828,163,3281,1991,27944461
1828,163,3283,1991,27944461
1830,163,3283,1993,27964897
1831,163,3284,1994,27984146
1833,163,3284,1996,28010251
1833,163,3286,1996,28010251
1834,163,3287,1997,28029493
1834,163,3289,1997,28029493
1835,163,3290,1998,28046971
1836,163,3290,1999,28057839
1837,163,3291,2000,28074526
1837,163,3291,2000,28074526
1839,163,3291,2002,28093811
1841,163,3291,2004,28123005
1842,163,3291,2005,28136447
1842,163,3293,2005,28136447
1843,163,3294,2006,28155480
1844,163,3294,2007,28172473
1846,163,3294,2009,28192400
1847,163,3294,2010,28208246
1848,163,3294,2011,28225145
1849,163,3295,2012,28241779
1850,163,3295,2013,28256188
1851,163,3295,2014,28270914
1851,163,3297,2014,28270914
1852,163,3298,2015,28281669
1853,163,3299,2016,28299147
1854,163,3299,2017,28310015
1855,163,3299,2018,28321972
1856,163,3299,2019,28331208
1859,163,3299,2022,28370061
1861,163,3299,2024,28395805
1861,164,3299,2025,28414472
1861,164,3299,2025,28414472
1862,164,3300,2026,28428299
1863,164,3300,2027,28444833
1863,164,3302,2027,28444833
1863,164,3303,2027,28444833
1863,164,3305,2027,28444833
1863,164,3305,2027,28444833
1863,164,3305,2027,28444833
1863,164,3307,2027,28444833
1863,164,3308,2027,28444833
1863,164,3309,2027,28444833
1863,164,3311,2027,28444833
1863,164,3312,2027,28444833
1863,164,3314,2027,28444833
1863,164,3315,2027,28444833
1863,164,3317,2027,28444833
1863,164,3318,2027,28444833
1863,164,3319,2027,28444833
1866,164,3319,2030,28482301
1867,164,3320,2031,28495930
1869,164,3320,2033,28515865
1870,164,3320,2034,28532399
1871,164,3320,2035,28546028
1872,164,3321,2036,28563506
1873,164,3321,2037,28580193
1873,164,3323,2037,28580193
1873,164,3325,2037,28580193
1873,164,3327,2037,28580193
1873,164,3329,2037,28580193
1873,164,3331,2037,28580193
1873,164,3333,2037,28580193
1873,164,3333,2037,28580193
1873,164,3333,2037,28580193
1873,164,3335,2037,28580193
1873,164,3337,2037,28580193
1873,164,3339,2037,28580193
1873,164,3339,2037,28580193
1873,164,3341,2037,28580193
1873,164,3343,2037,28580193
1873,164,3343,2037,28580193
1873,164,3343,2037,28580193
1873,164,3346,2037,28580193
1875,164,3346,2039,28603779
1876,164,3347,2040,28617606
1877,164,3347,2041,28634140
1878,164,3347,2042,28647769
1879,164,3348,2043,28661588
1880,164,3348,2044,28677434
1881,164,3348,2045,28694333
1883,164,3348,2047,28714268
1884,164,3348,2048,28731989
1884,164,3348,2048,28731989
1885,164,3349,2049,28749467
1886,164,3349,2050,28766154
1888,164,3349,2052,28789740
1889,164,3349,2053,28806427
1890,164,3350,2054,28825094
1891,164,3350,2055,28841593
1892,164,3350,2056,28852930
1893,164,3351,2057,28871638
1894,164,3351,2058,28885647
1896,164,3351,2060,28909233
1897,164,3352,2061,28925920
1897,164,3354,2061,28925920
1897,164,3356,2061,28925920
1898,164,3357,2062,28939747
1899,164,3357,2063,28957468
1899,164,3359,2063,28957468
1899,164,3361,2063,28957468
1899,164,3363,2063,28957468
1899,164,3365,2063,28957468
1899,164,3367,2063,28957468
1899,164,3369,2063,28957468
1899,164,3371,2063,28957468
1899,164,3373,2063,28957468
1899,164,3375,2063,28957468
1899,164,3377,2063,28957468
1899,164,3379,2063,28957468
1899,164,3381,2063,28957468
1899,164,3383,2063,28957468
1899,164,3385,2063,28957468
1899,164,3387,2063,28957468
1899,164,3389,2063,28957468
1899,164,3391,2063,28957468
1899,164,3393,2063,28957468
1899,164,3395,2063,28957468
1899,164,3397,2063,28957468
1899,164,3399,2063,28957468
