server cache hits, server cache misses, client cache hits, client cache misses, bandwith
0,2,0,2,22338
0,3,0,3,47356
0,3,0,3,47356
0,3,0,3,47356
0,3,0,3,47356
0,4,1,4,77527
1,5,1,6,112759
1,5,1,6,112759
2,5,2,7,142929
3,5,3,8,161716
3,6,3,9,181209
3,6,3,9,181209
3,6,3,9,181209
3,6,3,9,181209
3,6,3,9,181209
3,6,3,9,181209
3,6,3,9,181209
5,6,3,11,214928
5,7,3,12,236896
5,7,5,12,236896
6,7,6,13,268571
6,8,6,14,290299
6,8,6,14,290299
6,8,6,14,290299
6,8,6,14,290299
6,8,6,14,290299
6,8,6,14,290299
6,8,6,14,290299
6,8,8,14,290299
7,9,8,16,330974
7,10,8,17,353693
7,11,9,18,384311
8,12,9,20,424770
8,13,9,21,455613
8,13,9,21,455613
8,13,9,21,455613
8,13,9,21,455613
8,14,10,22,480795
8,15,10,23,505069
8,16,10,24,527931
8,16,10,24,527931
8,16,10,24,527931
8,16,10,24,527931
9,17,10,26,555980
9,18,10,27,584459
9,19,11,28,611542
9,20,11,29,644214
9,20,11,29,644214
9,20,13,29,644214
9,20,15,29,644214
9,20,15,29,644214
9,20,15,29,644214
9,20,15,29,644214
9,21,16,30,680666
9,22,16,31,700725
9,22,16,31,700725
9,22,18,31,700725
9,22,19,31,700725
9,22,21,31,700725
9,22,22,31,700725
9,22,22,31,700725
9,22,24,31,700725
9,22,24,31,700725
9,22,24,31,700725
9,22,24,31,700725
9,22,24,31,700725
9,22,26,31,700725
9,22,26,31,700725
9,22,26,31,700725
9,22,26,31,700725
10,23,26,33,724312
11,23,27,34,754482
13,23,27,36,788201
14,23,27,37,810168
14,23,27,37,810168
14,23,27,37,810168
15,24,27,39,829560
17,24,27,41,869560
17,25,27,42,892374
17,26,27,43,915784
17,26,27,43,915784
17,26,27,43,915784
17,26,29,43,915784
17,26,29,43,915784
17,26,29,43,915784
17,26,29,43,915784
17,26,29,43,915784
17,26,29,43,915784
18,26,30,44,935821
18,27,30,45,959909
18,27,30,45,959909
18,27,30,45,959909
20,27,30,47,987957
20,28,30,48,1016028
20,28,30,48,1016028
20,28,30,48,1016028
20,28,30,48,1016028
22,28,30,50,1038364
23,28,31,51,1070039
23,28,31,51,1070039
23,28,31,51,1070039
25,28,31,53,1093080
25,28,33,53,1093080
25,28,35,53,1093080
25,28,37,53,1093080
25,28,39,53,1093080
25,28,41,53,1093080
26,28,42,54,1111867
26,28,44,54,1111867
26,28,46,54,1111867
26,28,48,54,1111867
26,28,50,54,1111867
26,28,52,54,1111867
26,28,54,54,1111867
26,28,56,54,1111867
27,28,57,55,1142484
27,29,57,56,1176882
27,29,57,56,1176882
29,29,57,58,1210601
29,30,57,59,1241673
29,30,57,59,1241673
29,30,57,59,1241673
29,30,59,59,1241673
30,30,60,60,1276070
30,31,60,61,1295814
30,31,60,61,1295814
30,31,60,61,1295814
32,31,60,63,1329533
32,31,60,63,1329533
32,31,60,63,1329533
33,31,61,64,1349570
33,32,61,65,1373973
35,32,61,67,1407692
35,32,61,67,1407692
35,32,61,67,1407692
36,32,62,68,1427729
37,32,62,69,1452131
37,32,62,69,1452131
39,32,62,71,1477407
39,32,62,71,1477407
39,32,64,71,1477407
39,32,64,71,1477407
39,32,64,71,1477407
39,32,64,71,1477407
39,32,64,71,1477407
40,32,65,72,1510078
40,32,67,72,1510078
40,32,67,72,1510078
40,32,69,72,1510078
40,32,69,72,1510078
40,32,71,72,1510078
40,32,71,72,1510078
40,32,71,72,1510078
40,32,73,72,1510078
40,33,74,73,1535112
42,33,74,75,1563160
42,34,74,76,1588415
42,35,74,77,1611323
43,35,75,78,1630110
44,35,75,79,1649602
44,35,75,79,1649602
44,35,75,79,1649602
44,35,75,79,1649602
44,35,75,79,1649602
44,35,75,79,1649602
44,35,75,79,1649602
44,35,77,79,1649602
44,35,78,79,1649602
44,35,78,79,1649602
44,35,78,79,1649602
44,35,78,79,1649602
44,35,78,79,1649602
44,35,78,79,1649602
44,35,78,79,1649602
46,35,78,81,1672643
48,35,78,83,1696229
49,35,79,84,1720631
49,35,81,84,1720631
49,36,82,85,1757235
49,36,84,85,1757235
51,36,84,87,1790954
51,36,86,87,1790954
51,36,88,87,1790954
51,36,90,87,1790954
51,36,92,87,1790954
51,36,94,87,1790954
51,36,96,87,1790954
51,36,98,87,1790954
51,36,98,87,1790954
51,36,98,87,1790954
51,36,98,87,1790954
51,36,98,87,1790954
52,36,99,88,1809741
52,37,99,89,1830398
53,38,99,91,1858270
53,39,99,92,1882845
53,39,99,92,1882845
53,39,99,92,1882845
54,39,100,93,1917242
54,39,102,93,1917242
54,39,102,93,1917242
54,39,102,93,1917242
56,39,102,95,1950961
57,39,103,96,1987564
57,40,103,97,2014262
57,40,103,97,2014262
57,40,103,97,2014262
57,40,103,97,2014262
58,40,104,98,2051387
58,40,106,98,2051387
58,40,107,98,2051387
58,40,107,98,2051387
58,40,107,98,2051387
58,40,107,98,2051387
60,40,107,100,2089333
60,40,109,100,2089333
60,41,110,101,2121478
60,41,110,101,2121478
60,41,110,101,2121478
60,41,112,101,2121478
60,41,114,101,2121478
60,41,116,101,2121478
62,41,116,103,2143814
62,42,117,104,2166507
64,42,117,106,2200226
64,42,119,106,2200226
64,42,121,106,2200226
64,42,123,106,2200226
64,42,125,106,2200226
64,42,127,106,2200226
64,42,129,106,2200226
64,42,131,106,2200226
64,42,133,106,2200226
64,42,135,106,2200226
64,42,137,106,2200226
64,42,139,106,2200226
64,42,141,106,2200226
64,42,143,106,2200226
64,42,145,106,2200226
64,42,147,106,2200226
64,42,149,106,2200226
64,42,151,106,2200226
64,42,153,106,2200226
64,42,155,106,2200226
64,42,157,106,2200226
64,42,159,106,2200226
66,42,159,108,2233945
67,42,160,109,2270548
68,42,160,110,2297245
68,42,162,110,2297245
68,42,164,110,2297245
68,42,165,110,2297245
70,42,165,112,2337397
70,43,165,113,2367072
70,43,167,113,2367072
70,43,167,113,2367072
70,43,169,113,2367072
70,43,170,113,2367072
70,43,170,113,2367072
70,43,172,113,2367072
71,43,173,114,2397242
73,43,173,116,2437394
74,43,173,117,2464091
74,43,173,117,2464091
74,43,173,117,2464091
74,43,173,117,2464091
76,43,173,119,2487677
77,43,173,120,2512079
77,44,174,121,2550181
77,44,174,121,2550181
77,44,174,121,2550181
77,44,174,121,2550181
77,44,174,121,2550181
79,44,174,123,2573767
80,44,174,124,2598169
81,44,175,125,2634772
81,44,175,125,2634772
81,44,175,125,2634772
81,44,175,125,2634772
81,44,177,125,2634772
81,44,177,125,2634772
83,44,177,127,2676422
83,44,177,127,2676422
83,44,177,127,2676422
84,44,178,128,2700744
84,44,178,128,2700744
84,44,178,128,2700744
84,44,178,128,2700744
84,44,180,128,2700744
84,44,180,128,2700744
84,44,180,128,2700744
84,44,182,128,2700744
84,44,182,128,2700744
84,44,184,128,2700744
84,44,186,128,2700744
84,44,186,128,2700744
84,44,186,128,2700744
84,44,186,128,2700744
86,44,186,130,2724330
87,44,186,131,2748732
88,44,187,132,2785335
89,44,187,133,2812032
89,44,187,133,2812032
89,44,187,133,2812032
91,44,187,135,2847256
92,44,187,136,2868983
92,44,187,136,2868983
92,44,187,136,2868983
92,44,187,136,2868983
92,44,187,136,2868983
92,44,187,136,2868983
93,44,188,137,2899153
95,44,188,139,2939827
96,44,188,140,2962545
96,46,188,142,3000269
97,46,189,143,3036872
98,46,189,144,3066546
98,46,191,144,3066546
98,46,193,144,3066546
98,46,195,144,3066546
100,46,195,146,3095276
101,46,195,147,3127947
101,46,195,147,3127947
101,46,195,147,3127947
102,46,196,148,3164550
103,46,196,149,3191247
103,46,196,149,3191247
104,46,197,150,3221417
104,47,197,151,3245191
106,47,197,153,3278910
106,47,199,153,3278910
106,47,201,153,3278910
106,47,203,153,3278910
106,47,205,153,3278910
106,47,207,153,3278910
106,47,209,153,3278910
106,47,211,153,3278910
106,47,213,153,3278910
106,47,215,153,3278910
106,47,217,153,3278910
106,47,219,153,3278910
106,47,221,153,3278910
106,47,223,153,3278910
106,47,225,153,3278910
106,47,227,153,3278910
106,47,229,153,3278910
106,47,231,153,3278910
106,47,233,153,3278910
106,47,235,153,3278910
106,47,237,153,3278910
106,47,239,153,3278910
106,47,241,153,3278910
106,47,243,153,3278910
106,47,245,153,3278910
106,47,247,153,3278910
106,47,249,153,3278910
107,47,250,154,3302683
107,48,250,155,3327486
107,48,252,155,3327486
107,48,254,155,3327486
107,48,256,155,3327486
107,48,256,155,3327486
107,48,256,155,3327486
107,48,258,155,3327486
109,48,258,157,3368160
109,48,258,157,3368160
109,48,258,157,3368160
110,48,259,158,3402557
111,48,259,159,3422300
111,48,259,159,3422300
111,48,259,159,3422300
111,48,259,159,3422300
111,48,259,159,3422300
113,48,259,161,3462452
113,49,259,162,3484004
114,49,259,163,3510701
115,49,260,164,3540871
117,49,260,166,3574590
119,49,260,168,3608309
119,50,260,169,3635742
120,50,261,170,3672867
120,50,263,170,3672867
122,50,263,172,3695203
123,50,263,173,3720220
125,50,263,175,3753939
125,50,265,175,3753939
125,50,267,175,3753939
125,50,269,175,3753939
126,50,270,176,3790542
127,50,270,177,3820216
127,50,272,177,3820216
129,50,272,179,3861866
131,50,272,181,3895585
131,50,272,181,3895585
131,50,272,181,3895585
131,50,274,181,3895585
131,50,274,181,3895585
131,50,274,181,3895585
132,50,275,182,3919358
132,51,275,183,3948917
134,51,275,185,3971253
135,51,275,186,3990745
135,51,275,186,3990745
135,51,275,186,3990745
135,51,275,186,3990745
136,51,276,187,4015147
138,51,276,189,4056797
139,51,277,190,4086967
140,51,277,191,4110740
140,51,277,191,4110740
140,51,277,191,4110740
141,51,278,192,4132707
141,51,278,192,4132707
141,51,278,192,4132707
141,51,278,192,4132707
141,51,278,192,4132707
141,51,278,192,4132707
141,51,278,192,4132707
141,51,278,192,4132707
141,51,278,192,4132707
141,51,278,192,4132707
141,51,278,192,4132707
142,51,279,193,4160139
142,51,279,193,4160139
142,51,279,193,4160139
143,51,280,194,4184461
144,51,280,195,4216598
144,51,280,195,4216598
144,51,280,195,4216598
146,51,280,197,4244646
147,51,280,198,4272716
147,51,280,198,4272716
147,51,280,198,4272716
147,51,280,198,4272716
148,52,280,200,4311231
148,53,280,201,4341522
148,54,280,202,4361490
150,54,280,204,4401642
151,54,280,205,4428339
151,54,280,205,4428339
152,54,281,206,4458509
153,54,281,207,4485941
153,55,281,208,4510263
153,55,281,208,4510263
153,55,281,208,4510263
153,55,283,208,4510263
155,55,283,210,4551913
157,55,283,212,4585632
157,55,283,212,4585632
157,55,283,212,4585632
157,55,283,212,4585632
157,55,283,212,4585632
157,56,284,213,4619993
157,58,284,215,4661102
157,58,284,215,4661102
157,58,284,215,4661102
157,58,284,215,4661102
157,58,287,215,4661102
157,58,287,215,4661102
157,58,287,215,4661102
157,58,287,215,4661102
157,58,287,215,4661102
157,58,287,215,4661102
159,58,287,217,4694821
160,58,288,218,4731946
160,58,290,218,4731946
162,58,290,220,4773596
162,58,290,220,4773596
162,58,290,220,4773596
162,58,290,220,4773596
162,58,290,220,4773596
163,58,291,221,4798777
164,58,292,222,4818814
165,58,292,223,4843216
166,58,293,224,4873386
168,58,293,226,4896972
169,58,294,227,4927142
169,58,296,227,4927142
169,58,298,227,4927142
171,58,298,229,4967816
171,59,298,230,4986631
171,59,298,230,4986631
171,59,298,230,4986631
172,59,299,231,5024732
172,59,299,231,5024732
172,59,299,231,5024732
174,59,299,233,5058451
174,60,300,234,5080165
176,60,300,236,5113884
176,60,302,236,5113884
176,60,304,236,5113884
176,60,306,236,5113884
176,60,308,236,5113884
176,60,310,236,5113884
176,60,312,236,5113884
176,60,314,236,5113884
176,60,316,236,5113884
176,60,318,236,5113884
176,60,320,236,5113884
176,60,322,236,5113884
176,60,324,236,5113884
176,60,326,236,5113884
176,60,328,236,5113884
176,60,330,236,5113884
176,60,332,236,5113884
176,60,334,236,5113884
176,60,336,236,5113884
176,60,338,236,5113884
176,60,340,236,5113884
176,60,342,236,5113884
177,60,343,237,5132671
178,60,343,238,5152163
178,60,345,238,5152163
178,60,346,238,5152163
178,60,346,238,5152163
178,60,348,238,5152163
178,60,350,238,5152163
179,60,351,239,5174881
179,60,353,239,5174881
179,60,355,239,5174881
179,60,357,239,5174881
179,60,359,239,5174881
179,60,361,239,5174881
179,60,363,239,5174881
179,60,365,239,5174881
179,60,367,239,5174881
180,60,368,240,5199283
182,60,368,242,5221619
182,60,368,242,5221619
182,60,368,242,5221619
182,60,368,242,5221619
182,60,368,242,5221619
182,60,368,242,5221619
182,60,368,242,5221619
182,60,368,242,5221619
182,60,370,242,5221619
183,60,370,243,5241111
183,60,370,243,5241111
183,60,370,243,5241111
183,60,370,243,5241111
183,60,370,243,5241111
183,60,370,243,5241111
183,60,370,243,5241111
184,60,371,244,5277562
185,60,371,245,5300375
185,60,371,245,5300375
185,60,371,245,5300375
185,60,371,245,5300375
185,60,371,245,5300375
185,60,371,245,5300375
185,60,371,245,5300375
185,60,373,245,5300375
185,60,373,245,5300375
186,60,374,246,5324697
186,61,374,247,5348919
187,61,375,248,5383876
187,61,377,248,5383876
188,61,378,249,5414166
188,62,379,250,5436823
188,62,381,250,5436823
188,62,381,250,5436823
188,62,381,250,5436823
188,62,381,250,5436823
188,62,383,250,5436823
188,62,385,250,5436823
188,62,387,250,5436823
188,62,389,250,5436823
188,62,391,250,5436823
188,62,393,250,5436823
188,62,395,250,5436823
188,62,397,250,5436823
188,62,399,250,5436823
188,62,401,250,5436823
188,62,403,250,5436823
189,62,404,251,5473948
189,62,406,251,5473948
189,62,408,251,5473948
189,62,410,251,5473948
189,62,412,251,5473948
189,62,414,251,5473948
189,62,416,251,5473948
189,62,418,251,5473948
189,62,420,251,5473948
189,62,422,251,5473948
189,62,424,251,5473948
189,62,426,251,5473948
189,62,428,251,5473948
189,62,430,251,5473948
189,62,432,251,5473948
189,62,434,251,5473948
189,62,436,251,5473948
189,62,438,251,5473948
189,62,440,251,5473948
189,62,442,251,5473948
189,62,444,251,5473948
189,62,446,251,5473948
189,62,448,251,5473948
189,62,450,251,5473948
189,62,451,251,5473948
189,62,453,251,5473948
189,62,455,251,5473948
189,62,457,251,5473948
189,62,457,251,5473948
191,62,457,253,5507667
192,62,457,254,5538731
193,62,457,255,5560698
193,62,457,255,5560698
193,62,457,255,5560698
194,62,458,256,5592373
195,62,458,257,5614100
196,62,459,258,5638422
196,63,459,259,5661792
197,63,460,260,5685565
198,63,460,261,5710367
198,63,460,261,5710367
198,63,460,261,5710367
198,63,460,261,5710367
200,63,460,263,5732703
201,63,461,264,5769306
202,63,461,265,5796003
202,63,461,265,5796003
202,63,461,265,5796003
202,63,461,265,5796003
204,63,461,267,5823874
204,64,461,268,5855198
204,64,461,268,5855198
204,64,461,268,5855198
204,64,461,268,5855198
204,64,461,268,5855198
204,64,461,268,5855198
205,64,462,269,5882280
206,64,462,270,5914951
206,64,462,270,5914951
206,64,462,270,5914951
206,64,462,270,5914951
206,64,462,270,5914951
208,64,462,272,5937287
209,64,462,273,5962304
209,64,462,273,5962304
209,64,462,273,5962304
209,64,462,273,5962304
209,64,462,273,5962304
209,64,462,273,5962304
209,64,462,273,5962304
209,64,462,273,5962304
210,64,463,274,5989386
211,64,463,275,6022057
211,64,463,275,6022057
211,64,463,275,6022057
211,64,465,275,6022057
211,64,465,275,6022057
211,64,465,275,6022057
211,64,465,275,6022057
213,64,465,277,6055776
213,64,467,277,6055776
213,64,469,277,6055776
213,64,471,277,6055776
213,64,473,277,6055776
213,64,475,277,6055776
213,64,477,277,6055776
213,64,479,277,6055776
213,64,481,277,6055776
213,64,483,277,6055776
213,64,485,277,6055776
213,64,487,277,6055776
213,64,489,277,6055776
214,64,490,278,6075268
214,64,490,278,6075268
214,64,490,278,6075268
216,64,490,280,6098854
217,64,490,281,6123256
217,64,492,281,6123256
217,64,492,281,6123256
218,64,493,282,6142043
219,64,493,283,6161535
219,64,493,283,6161535
219,64,493,283,6161535
219,64,493,283,6161535
221,64,493,285,6195254
222,64,494,286,6215291
224,64,494,288,6237627
226,64,494,290,6261213
227,64,494,291,6285615
228,64,495,292,6315785
230,64,495,294,6339371
231,64,496,295,6369541
233,64,496,297,6403260
234,64,496,298,6430692
235,64,497,299,6449479
235,64,499,299,6449479
237,64,499,301,6477350
238,64,499,302,6500719
240,64,499,304,6534438
242,64,499,306,6574590
243,64,499,307,6601287
243,64,499,307,6601287
244,64,500,308,6631457
246,64,500,310,6653793
247,64,500,311,6678810
247,64,500,311,6678810
249,64,500,313,6707540
249,65,500,314,6731739
249,66,500,315,6757516
250,66,501,316,6787686
251,66,502,317,6822083
252,66,502,318,6841826
252,66,504,318,6841826
252,66,504,318,6841826
252,66,504,318,6841826
252,66,506,318,6841826
252,66,506,318,6841826
252,66,506,318,6841826
252,66,506,318,6841826
252,66,506,318,6841826
252,66,508,318,6841826
252,67,509,319,6867040
252,67,509,319,6867040
252,67,511,319,6867040
252,67,511,319,6867040
252,67,511,319,6867040
253,67,512,320,6891539
254,67,512,321,6919609
254,67,512,321,6919609
254,67,512,321,6919609
255,67,513,322,6938396
256,67,514,323,6957888
256,67,516,323,6957888
256,67,518,323,6957888
256,67,518,323,6957888
256,67,520,323,6957888
256,67,522,323,6957888
256,67,522,323,6957888
256,67,524,323,6957888
256,67,526,323,6957888
256,67,528,323,6957888
256,67,530,323,6957888
256,67,532,323,6957888
256,67,534,323,6957888
256,67,536,323,6957888
256,67,538,323,6957888
256,67,538,323,6957888
256,67,538,323,6957888
256,67,538,323,6957888
256,67,538,323,6957888
256,67,538,323,6957888
256,67,540,323,6957888
257,67,541,324,6994339
258,67,541,325,7017152
259,67,542,326,7055253
259,69,542,328,7097050
260,69,543,329,7124132
260,69,545,329,7124132
260,69,546,329,7124132
260,69,546,329,7124132
260,69,546,329,7124132
260,69,546,329,7124132
260,69,546,329,7124132
260,69,548,329,7124132
260,69,550,329,7124132
262,69,550,331,7164284
264,69,550,333,7202230
265,69,550,334,7221973
266,69,551,335,7256930
267,69,551,336,7287220
269,69,551,338,7315268
270,69,551,339,7338175
270,69,553,339,7338175
270,69,555,339,7338175
270,69,557,339,7338175
271,69,558,340,7368345
272,69,558,341,7395777
273,69,558,342,7420098
273,69,558,342,7420098
273,69,558,342,7420098
273,69,558,342,7420098
273,69,558,342,7420098
274,69,559,343,7451162
274,70,559,344,7487338
275,70,560,345,7507375
276,70,560,346,7531777
277,70,561,347,7568380
277,70,563,347,7568380
277,70,565,347,7568380
278,70,566,348,7603337
279,70,567,349,7631815
279,70,569,349,7631815
279,70,571,349,7631815
279,70,573,349,7631815
279,70,575,349,7631815
279,70,577,349,7631815
280,70,578,350,7663490
281,70,578,351,7685217
281,70,578,351,7685217
281,70,580,351,7685217
282,70,581,352,7710398
282,71,581,353,7735902
283,71,581,354,7760935
284,71,581,355,7786711
284,71,583,355,7786711
284,71,583,355,7786711
284,71,583,355,7786711
284,72,584,356,7812087
284,72,586,356,7812087
284,72,588,356,7812087
284,73,589,357,7834617
284,73,589,357,7834617
284,73,591,357,7834617
284,73,591,357,7834617
284,73,591,357,7834617
286,73,591,359,7862665
287,73,591,360,7890735
287,73,591,360,7890735
288,73,592,361,7909522
289,73,592,362,7934539
289,73,592,362,7934539
290,73,593,363,7953326
290,73,595,363,7953326
290,73,595,363,7953326
291,73,596,364,7987723
292,73,597,365,8012222
292,73,599,365,8012222
293,73,599,366,8037476
294,73,600,367,8060383
294,73,602,367,8060383
294,73,604,367,8060383
294,73,606,367,8060383
294,73,606,367,8060383
294,73,606,367,8060383
295,73,607,368,8090553
295,73,609,368,8090553
295,73,611,368,8090553
295,73,613,368,8090553
295,73,615,368,8090553
295,73,617,368,8090553
297,73,617,370,8124272
298,73,618,371,8143059
299,73,618,372,8168076
299,73,618,372,8168076
299,73,618,372,8168076
299,73,618,372,8168076
300,73,619,373,8195508
301,73,619,374,8217475
301,73,619,374,8217475
301,73,619,374,8217475
301,73,619,374,8217475
301,73,619,374,8217475
301,73,619,374,8217475
301,73,621,374,8217475
301,73,623,374,8217475
302,73,624,375,8249150
302,73,624,375,8249150
302,73,624,375,8249150
302,73,624,375,8249150
302,73,626,375,8249150
302,73,628,375,8249150
302,73,630,375,8249150
302,73,632,375,8249150
302,73,634,375,8249150
302,73,634,375,8249150
304,73,634,377,8280131
305,73,634,378,8304452
306,73,635,379,8334622
306,73,637,379,8334622
306,73,639,379,8334622
307,73,640,380,8359121
308,73,640,381,8387599
308,73,640,381,8387599
310,73,640,383,8409935
311,73,640,384,8429427
311,73,640,384,8429427
311,73,640,384,8429427
311,73,640,384,8429427
312,73,641,385,8459597
312,73,643,385,8459597
312,73,645,385,8459597
312,73,647,385,8459597
312,73,649,385,8459597
312,73,651,385,8459597
312,73,653,385,8459597
312,73,655,385,8459597
312,73,657,385,8459597
312,73,659,385,8459597
312,73,661,385,8459597
312,73,663,385,8459597
312,73,665,385,8459597
312,73,667,385,8459597
312,73,669,385,8459597
312,73,671,385,8459597
312,73,673,385,8459597
312,73,675,385,8459597
312,73,677,385,8459597
312,73,679,385,8459597
312,73,681,385,8459597
312,73,683,385,8459597
313,73,684,386,8496200
314,73,684,387,8522897
314,73,684,387,8522897
314,73,686,387,8522897
314,73,688,387,8522897
314,73,690,387,8522897
314,73,692,387,8522897
314,73,694,387,8522897
315,73,694,388,8544448
315,74,695,389,8566163
315,74,698,389,8566163
316,74,699,390,8595837
316,74,699,390,8595837
318,74,699,392,8636511
318,74,699,392,8636511
318,74,699,392,8636511
319,74,700,393,8661692
320,74,700,394,8685890
322,74,700,396,8719609
322,74,702,396,8719609
322,74,704,396,8719609
322,74,706,396,8719609
322,74,708,396,8719609
324,74,708,398,8753328
325,74,709,399,8789931
326,74,709,400,8819605
326,74,709,400,8819605
327,74,710,401,8854562
328,74,710,402,8877254
330,74,710,404,8900840
331,74,710,405,8925242
332,74,711,406,8961845
333,74,711,407,8988542
333,74,711,407,8988542
333,74,711,407,8988542
333,74,711,407,8988542
335,74,711,409,9014809
335,74,713,409,9014809
335,74,715,409,9014809
335,74,717,409,9014809
335,74,719,409,9014809
335,74,721,409,9014809
335,74,723,409,9014809
335,74,725,409,9014809
336,74,726,410,9051934
337,74,727,411,9082104
338,74,728,412,9101596
338,74,730,412,9101596
338,74,732,412,9101596
338,74,734,412,9101596
338,74,736,412,9101596
338,74,738,412,9101596
339,74,739,413,9120383
339,74,741,413,9120383
339,74,743,413,9120383
339,74,745,413,9120383
339,74,747,413,9120383
339,74,749,413,9120383
339,74,751,413,9120383
339,74,753,413,9120383
339,74,755,413,9120383
339,74,757,413,9120383
339,74,758,413,9120383
339,74,760,413,9120383
339,74,762,413,9120383
339,74,763,413,9120383
339,74,763,413,9120383
339,74,763,413,9120383
341,74,763,415,9154549
342,74,764,416,9184719
342,74,766,416,9184719
342,74,768,416,9184719
342,74,770,416,9184719
342,74,772,416,9184719
342,74,774,416,9184719
342,74,776,416,9184719
342,74,778,416,9184719
342,74,780,416,9184719
342,74,782,416,9184719
342,74,784,416,9184719
342,74,786,416,9184719
342,74,788,416,9184719
342,74,790,416,9184719
342,74,792,416,9184719
342,74,794,416,9184719
342,74,796,416,9184719
342,74,798,416,9184719
342,74,800,416,9184719
342,74,802,416,9184719
342,74,804,416,9184719
342,74,806,416,9184719
342,74,808,416,9184719
342,74,810,416,9184719
344,74,810,418,9218438
346,74,810,420,9258590
347,74,810,421,9288264
347,74,810,421,9288264
348,74,811,422,9318881
350,74,811,424,9360531
352,74,811,426,9400683
353,74,811,427,9422234
355,74,811,429,9470645
356,74,812,430,9494418
357,74,812,431,9519220
357,75,813,432,9545390
358,75,814,433,9575560
359,75,815,434,9609912
361,75,815,436,9650586
362,75,815,437,9673304
362,75,815,437,9673304
362,75,815,437,9673304
362,75,815,437,9673304
363,75,816,438,9701374
365,75,816,440,9741526
366,75,816,441,9768223
366,75,816,441,9768223
366,75,816,441,9768223
366,75,816,441,9768223
367,75,817,442,9798393
369,75,817,444,9821979
370,75,817,445,9846381
370,75,817,445,9846381
370,75,817,445,9846381
371,75,818,446,9876551
373,75,818,448,9910717
374,75,818,449,9945114
374,75,818,449,9945114
374,75,818,449,9945114
374,75,818,449,9945114
374,75,818,449,9945114
375,75,819,450,9983215
375,75,819,450,9983215
375,75,819,450,9983215
375,75,819,450,9983215
375,75,819,450,9983215
375,75,819,450,9983215
375,75,821,450,9983215
375,75,821,450,9983215
377,75,821,452,10011263
378,75,821,453,10036517
379,75,821,454,10059424
379,75,821,454,10059424
380,75,822,455,10079461
382,75,822,457,10119613
383,75,823,458,10156738
383,76,823,459,10176005
385,76,823,461,10213951
385,77,823,462,10234505
385,77,823,462,10234505
385,77,823,462,10234505
386,77,824,463,10269462
386,78,824,464,10292596
386,78,824,464,10292596
388,78,824,466,10332748
389,78,825,467,10357070
390,78,825,468,10381644
392,78,825,470,10412275
392,78,825,470,10412275
393,78,826,471,10449400
394,78,826,472,10468666
396,78,826,474,10491002
396,78,826,474,10491002
396,78,828,474,10491002
398,78,828,476,10518873
399,78,828,477,10543094
400,78,828,478,10565750
400,78,828,478,10565750
400,78,828,478,10565750
400,78,828,478,10565750
401,78,829,479,10602875
402,78,829,480,10621689
402,78,829,480,10621689
402,78,829,480,10621689
402,78,831,480,10621689
402,78,833,480,10621689
402,78,833,480,10621689
402,78,835,480,10621689
402,78,837,480,10621689
402,78,839,480,10621689
402,78,841,480,10621689
402,78,843,480,10621689
402,78,845,480,10621689
402,78,847,480,10621689
402,78,849,480,10621689
402,78,851,480,10621689
404,78,851,482,10649011
405,78,851,483,10677489
405,78,851,483,10677489
405,78,853,483,10677489
406,78,854,484,10702291
406,78,854,484,10702291
406,78,854,484,10702291
406,78,854,484,10702291
406,78,856,484,10702291
406,78,856,484,10702291
406,78,856,484,10702291
406,78,856,484,10702291
406,78,856,484,10702291
408,78,856,486,10742443
409,78,857,487,10772613
409,78,859,487,10772613
410,78,859,488,10799310
410,78,861,488,10799310
410,78,863,488,10799310
410,78,865,488,10799310
410,78,867,488,10799310
410,78,869,488,10799310
410,78,871,488,10799310
410,78,873,488,10799310
410,78,875,488,10799310
410,78,877,488,10799310
410,78,879,488,10799310
410,78,881,488,10799310
411,78,882,489,10823632
411,79,882,490,10849785
411,80,882,491,10868910
413,80,882,493,10909062
413,80,884,493,10909062
413,80,886,493,10909062
413,80,888,493,10909062
413,80,890,493,10909062
414,80,891,494,10934243
415,80,891,495,10958441
415,80,891,495,10958441
415,80,891,495,10958441
415,80,891,495,10958441
417,80,891,497,10982027
418,80,891,498,11006429
419,80,892,499,11044530
419,80,894,499,11044530
419,80,896,499,11044530
419,80,896,499,11044530
419,80,896,499,11044530
419,80,896,499,11044530
419,80,896,499,11044530
421,80,896,501,11086180
422,81,896,503,11121741
422,81,898,503,11121741
422,81,900,503,11121741
422,81,902,503,11121741
422,81,904,503,11121741
422,81,906,503,11121741
422,81,908,503,11121741
423,81,909,504,11156698
424,81,910,505,11191050
425,81,911,506,11215549
425,81,913,506,11215549
425,81,915,506,11215549
425,81,917,506,11215549
425,81,919,506,11215549
425,81,921,506,11215549
425,81,923,506,11215549
425,81,925,506,11215549
425,81,927,506,11215549
425,81,929,506,11215549
425,81,931,506,11215549
426,81,932,507,11245719
427,81,932,508,11267432
428,81,933,509,11292645
428,81,933,509,11292645
428,81,935,509,11292645
428,81,937,509,11292645
428,81,939,509,11292645
428,81,941,509,11292645
428,81,943,509,11292645
428,81,945,509,11292645
428,81,947,509,11292645
428,81,949,509,11292645
428,81,951,509,11292645
428,81,953,509,11292645
428,81,955,509,11292645
428,81,957,509,11292645
428,81,959,509,11292645
428,81,959,509,11292645
428,81,961,509,11292645
428,81,963,509,11292645
428,81,965,509,11292645
428,81,967,509,11292645
428,81,969,509,11292645
428,81,971,509,11292645
428,81,973,509,11292645
428,81,975,509,11292645
428,81,977,509,11292645
429,81,978,510,11322815
430,81,978,511,11350247
431,81,978,512,11374568
431,81,978,512,11374568
431,81,978,512,11374568
431,81,978,512,11374568
431,81,978,512,11374568
433,81,978,514,11402439
434,81,978,515,11433755
434,81,978,515,11433755
434,81,978,515,11433755
435,81,979,516,11452542
436,81,979,517,11477559
436,81,979,517,11477559
436,81,979,517,11477559
436,81,979,517,11477559
436,81,981,517,11477559
436,81,982,517,11477559
436,81,982,517,11477559
438,81,983,519,11526455
438,81,986,519,11526455
438,81,989,519,11526455
438,81,992,519,11526455
438,81,995,519,11526455
438,81,998,519,11526455
438,81,1000,519,11526455
438,81,1002,519,11526455
438,81,1004,519,11526455
438,81,1006,519,11526455
438,81,1008,519,11526455
438,81,1010,519,11526455
438,81,1012,519,11526455
439,81,1013,520,11558130
440,81,1013,521,11579857
440,81,1013,521,11579857
440,81,1013,521,11579857
440,81,1013,521,11579857
440,81,1013,521,11579857
441,82,1013,523,11614376
441,83,1013,524,11634656
441,84,1013,525,11654060
441,84,1013,525,11654060
441,84,1015,525,11654060
442,84,1016,526,11688457
443,84,1017,527,11712544
444,84,1018,528,11732581
444,84,1020,528,11732581
444,84,1022,528,11732581
444,84,1024,528,11732581
444,84,1024,528,11732581
444,84,1024,528,11732581
444,84,1024,528,11732581
444,84,1024,528,11732581
444,84,1024,528,11732581
444,84,1024,528,11732581
444,84,1024,528,11732581
445,84,1025,529,11752073
446,84,1026,530,11772131
447,84,1027,531,11796630
448,84,1028,532,11816373
448,84,1028,532,11816373
448,84,1030,532,11816373
448,84,1032,532,11816373
448,84,1034,532,11816373
448,84,1036,532,11816373
448,84,1038,532,11816373
450,84,1038,534,11839959
451,84,1038,535,11864046
451,84,1038,535,11864046
451,84,1038,535,11864046
451,84,1038,535,11864046
451,84,1038,535,11864046
451,84,1038,535,11864046
451,84,1038,535,11864046
451,84,1038,535,11864046
452,84,1039,536,11901171
452,85,1039,537,11920475
452,85,1039,537,11920475
452,85,1039,537,11920475
452,85,1039,537,11920475
452,85,1041,537,11920475
454,85,1041,539,11944061
455,85,1041,540,11968463
456,85,1042,541,11992962
457,85,1042,542,12018216
458,85,1042,543,12041123
458,85,1042,543,12041123
460,85,1042,545,12081797
461,85,1042,546,12101063
461,85,1042,546,12101063
462,85,1043,547,12128145
462,85,1043,547,12128145
462,85,1043,547,12128145
463,85,1044,548,12153921
463,85,1046,548,12153921
463,85,1048,548,12153921
463,85,1050,548,12153921
463,85,1052,548,12153921
463,85,1054,548,12153921
465,85,1054,550,12181792
466,85,1054,551,12206366
468,85,1054,553,12247040
469,85,1055,554,12265827
470,85,1055,555,12285319
470,85,1057,555,12285319
470,85,1059,555,12285319
470,85,1061,555,12285319
470,85,1063,555,12285319
470,85,1065,555,12285319
472,85,1065,557,12325319
473,85,1066,558,12349641
473,86,1066,559,12382715
473,86,1066,559,12382715
475,86,1066,561,12424365
475,86,1066,561,12424365
475,86,1066,561,12424365
475,86,1068,561,12424365
475,86,1070,561,12424365
475,86,1070,561,12424365
476,86,1071,562,12451447
476,86,1071,562,12451447
476,86,1071,562,12451447
477,86,1072,563,12475220
477,86,1072,563,12475220
477,86,1072,563,12475220
478,86,1073,564,12511823
480,86,1073,566,12539694
481,86,1074,567,12574651
482,86,1075,568,12609048
483,86,1076,569,12633269
484,86,1077,570,12655925
484,86,1079,570,12655925
484,86,1081,570,12655925
484,86,1083,570,12655925
485,86,1084,571,12693050
485,86,1086,571,12693050
485,86,1088,571,12693050
485,86,1088,571,12693050
485,86,1090,571,12693050
485,86,1092,571,12693050
485,86,1094,571,12693050
485,86,1096,571,12693050
485,86,1098,571,12693050
485,86,1100,571,12693050
487,86,1100,573,12734700
488,86,1100,574,12752599
489,86,1101,575,12777098
491,86,1101,577,12810817
491,86,1103,577,12810817
491,86,1105,577,12810817
491,86,1107,577,12810817
491,86,1109,577,12810817
492,86,1110,578,12847942
493,86,1111,579,12866729
494,86,1111,580,12886221
496,86,1111,582,12919940
498,86,1111,584,12947988
499,86,1111,585,12973242
500,86,1111,586,12996149
500,86,1113,586,12996149
500,86,1113,586,12996149
500,86,1115,586,12996149
500,86,1115,586,12996149
500,86,1115,586,12996149
500,86,1115,586,12996149
500,86,1115,586,12996149
501,86,1116,587,13016186
502,86,1116,588,13040588
504,86,1116,590,13074307
504,86,1118,590,13074307
504,86,1120,590,13074307
504,86,1122,590,13074307
504,86,1124,590,13074307
504,86,1126,590,13074307
504,86,1128,590,13074307
504,86,1130,590,13074307
504,86,1132,590,13074307
504,86,1134,590,13074307
504,86,1136,590,13074307
504,86,1138,590,13074307
504,86,1140,590,13074307
504,86,1142,590,13074307
504,86,1144,590,13074307
504,86,1146,590,13074307
504,86,1148,590,13074307
504,86,1150,590,13074307
504,86,1152,590,13074307
504,86,1154,590,13074307
504,86,1156,590,13074307
505,86,1157,591,13111432
506,86,1158,592,13130219
507,86,1158,593,13149711
507,86,1158,593,13149711
509,86,1158,595,13183430
510,86,1158,596,13210862
511,86,1158,597,13235183
511,86,1158,597,13235183
512,86,1159,598,13266247
513,86,1159,599,13302422
513,86,1159,599,13302422
513,86,1159,599,13302422
513,86,1161,599,13302422
513,86,1161,599,13302422
514,86,1162,600,13339547
514,86,1162,600,13339547
514,86,1162,600,13339547
514,86,1164,600,13339547
516,86,1164,602,13363133
517,86,1164,603,13388636
518,86,1165,604,13425239
518,86,1167,604,13425239
518,86,1169,604,13425239
518,86,1170,604,13425239
518,86,1170,604,13425239
518,86,1170,604,13425239
518,86,1170,604,13425239
520,86,1170,606,13458958
522,86,1170,608,13492677
523,86,1171,609,13511464
524,86,1172,610,13530956
526,86,1172,612,13564675
526,86,1174,612,13564675
526,86,1176,612,13564675
528,86,1176,614,13603181
529,86,1176,615,13625873
530,86,1177,616,13645910
531,86,1177,617,13670312
533,86,1177,619,13698360
534,86,1177,620,13726430
535,86,1178,621,13756600
536,86,1178,622,13784032
537,86,1178,623,13805999
539,86,1178,625,13847649
539,86,1178,625,13847649
539,86,1178,625,13847649
539,86,1178,625,13847649
539,86,1178,625,13847649
540,86,1179,626,13884100
541,86,1179,627,13907509
541,86,1179,627,13907509
541,86,1181,627,13907509
541,86,1183,627,13907509
541,86,1185,627,13907509
541,86,1187,627,13907509
541,86,1189,627,13907509
541,86,1191,627,13907509
541,86,1193,627,13907509
541,86,1195,627,13907509
541,86,1197,627,13907509
541,86,1199,627,13907509
541,86,1201,627,13907509
541,86,1203,627,13907509
541,86,1205,627,13907509
541,86,1207,627,13907509
541,86,1209,627,13907509
541,86,1211,627,13907509
542,86,1212,628,13944112
543,86,1212,629,13965663
543,86,1212,629,13965663
543,86,1212,629,13965663
545,86,1212,631,14006121
546,86,1212,632,14036963
546,87,1212,633,14058569
546,87,1212,633,14058569
547,87,1213,634,14077356
547,87,1213,634,14077356
549,87,1213,636,14111075
549,87,1215,636,14111075
549,87,1215,636,14111075
549,87,1215,636,14111075
549,87,1217,636,14111075
549,87,1219,636,14111075
549,87,1219,636,14111075
549,87,1219,636,14111075
551,87,1219,638,14133411
552,87,1220,639,14163581
552,87,1222,639,14163581
552,87,1224,639,14163581
552,87,1226,639,14163581
552,87,1228,639,14163581
552,87,1228,639,14163581
552,87,1228,639,14163581
554,87,1228,641,14197300
555,87,1229,642,14233903
556,87,1229,643,14255454
558,87,1229,645,14303865
560,87,1229,647,14331736
562,87,1229,649,14365455
562,87,1229,649,14365455
562,87,1231,649,14365455
562,87,1232,649,14365455
562,87,1233,649,14365455
562,87,1233,649,14365455
562,87,1235,649,14365455
562,87,1236,649,14365455
562,87,1238,649,14365455
563,87,1238,650,14392152
563,87,1238,650,14392152
563,87,1238,650,14392152
563,87,1238,650,14392152
565,87,1238,652,14415738
566,87,1238,653,14439825
566,87,1238,653,14439825
566,87,1240,653,14439825
566,87,1240,653,14439825
566,87,1242,653,14439825
566,87,1244,653,14439825
566,87,1246,653,14439825
566,87,1246,653,14439825
566,87,1248,653,14439825
566,87,1250,653,14439825
568,87,1250,655,14479977
569,87,1250,656,14509651
569,87,1250,656,14509651
569,87,1250,656,14509651
569,87,1250,656,14509651
570,87,1251,657,14546776
571,87,1251,658,14565590
573,87,1251,660,14584981
574,87,1252,661,14616656
575,87,1253,662,14641155
576,87,1253,663,14664062
576,88,1253,664,14684740
578,88,1253,666,14707076
579,88,1253,667,14726568
579,88,1253,667,14726568
579,88,1253,667,14726568
579,88,1255,667,14726568
579,88,1257,667,14726568
579,88,1259,667,14726568
579,88,1261,667,14726568
579,88,1261,667,14726568
579,88,1263,667,14726568
579,88,1265,667,14726568
579,88,1265,667,14726568
579,88,1265,667,14726568
579,88,1265,667,14726568
579,88,1267,667,14726568
579,88,1267,667,14726568
579,88,1267,667,14726568
579,88,1267,667,14726568
579,88,1269,667,14726568
579,88,1271,667,14726568
579,88,1273,667,14726568
580,88,1274,668,14756738
580,88,1276,668,14756738
580,88,1278,668,14756738
580,88,1280,668,14756738
580,88,1282,668,14756738
580,88,1284,668,14756738
580,88,1284,668,14756738
580,88,1286,668,14756738
580,88,1288,668,14756738
580,88,1290,668,14756738
580,88,1292,668,14756738
582,88,1292,670,14790457
582,88,1294,670,14790457
582,88,1296,670,14790457
582,88,1298,670,14790457
582,88,1300,670,14790457
584,88,1300,672,14814043
585,88,1301,673,14839224
586,88,1301,674,14864727
587,88,1301,675,14889760
588,88,1302,676,14919930
590,88,1302,678,14943516
591,88,1302,679,14967918
592,88,1303,680,14998088
593,88,1303,681,15025520
594,88,1303,682,15049841
596,88,1303,684,15083560
597,88,1304,685,15107882
598,88,1305,686,15137556
598,88,1305,686,15137556
598,88,1305,686,15137556
598,88,1307,686,15137556
598,88,1307,686,15137556
598,88,1307,686,15137556
598,88,1309,686,15137556
598,88,1311,686,15137556
599,88,1312,687,15174159
599,88,1313,687,15174159
599,88,1313,687,15174159
599,88,1313,687,15174159
601,88,1313,689,15214311
602,88,1313,690,15243985
602,88,1313,690,15243985
603,88,1314,691,15274155
603,88,1316,691,15274155
603,88,1318,691,15274155
603,88,1320,691,15274155
603,88,1322,691,15274155
603,88,1324,691,15274155
603,88,1326,691,15274155
603,88,1328,691,15274155
603,88,1330,691,15274155
603,88,1332,691,15274155
603,88,1334,691,15274155
603,88,1336,691,15274155
603,88,1338,691,15274155
603,88,1340,691,15274155
603,88,1342,691,15274155
603,88,1344,691,15274155
603,88,1346,691,15274155
603,88,1348,691,15274155
603,88,1350,691,15274155
603,88,1352,691,15274155
603,88,1354,691,15274155
603,88,1356,691,15274155
603,88,1358,691,15274155
603,88,1360,691,15274155
603,88,1362,691,15274155
603,88,1364,691,15274155
603,88,1366,691,15274155
603,88,1368,691,15274155
604,88,1369,692,15311280
605,88,1369,693,15330094
605,88,1371,693,15330094
605,88,1374,693,15330094
605,88,1376,693,15330094
605,88,1378,693,15330094
607,88,1378,695,15352430
608,88,1379,696,15372467
609,88,1379,697,15396869
610,88,1380,698,15421886
610,88,1380,698,15421886
610,88,1380,698,15421886
610,88,1380,698,15421886
610,88,1380,698,15421886
612,88,1380,700,15445472
613,88,1380,701,15469874
614,88,1381,702,15494373
615,88,1381,703,15519627
616,88,1381,704,15542534
616,88,1381,704,15542534
616,88,1381,704,15542534
616,88,1381,704,15542534
616,88,1383,704,15542534
618,88,1383,706,15582686
619,88,1384,707,15605215
619,88,1384,707,15605215
619,88,1384,707,15605215
619,88,1384,707,15605215
619,88,1384,707,15605215
620,88,1385,708,15640172
621,88,1385,709,15670462
621,89,1385,710,15691524
621,89,1385,710,15691524
621,89,1385,710,15691524
621,89,1387,710,15691524
621,89,1387,710,15691524
621,89,1389,710,15691524
621,89,1390,710,15691524
621,89,1392,710,15691524
623,89,1392,712,15725243
624,89,1392,713,15750618
624,89,1392,713,15750618
626,89,1392,715,15784337
627,89,1393,716,15809518
628,89,1393,717,15835021
629,89,1393,718,15860054
630,89,1393,719,15885830
631,89,1394,720,15922433
632,89,1394,721,15949130
632,89,1394,721,15949130
632,89,1394,721,15949130
632,89,1394,721,15949130
632,89,1396,721,15949130
632,89,1397,721,15949130
632,89,1397,721,15949130
632,89,1397,721,15949130
632,89,1397,721,15949130
632,89,1399,721,15949130
632,89,1401,721,15949130
632,89,1403,721,15949130
632,89,1405,721,15949130
632,89,1407,721,15949130
632,89,1409,721,15949130
632,89,1411,721,15949130
632,89,1413,721,15949130
632,89,1415,721,15949130
632,89,1417,721,15949130
632,89,1419,721,15949130
632,89,1421,721,15949130
632,89,1423,721,15949130
632,89,1425,721,15949130
632,89,1427,721,15949130
632,89,1428,721,15949130
634,89,1428,723,15982849
635,89,1429,724,16019452
635,89,1429,724,16019452
635,89,1429,724,16019452
635,89,1431,724,16019452
636,89,1431,725,16046149
637,89,1432,726,16083274
639,89,1432,728,16116993
640,89,1432,729,16138706
641,89,1433,730,16163919
641,89,1435,730,16163919
641,89,1436,730,16163919
641,89,1438,730,16163919
641,89,1440,730,16163919
641,89,1441,730,16163919
643,89,1441,732,16191241
644,89,1441,733,16216043
645,89,1442,734,16234830
646,89,1442,735,16259847
646,89,1442,735,16259847
646,89,1444,735,16259847
646,89,1446,735,16259847
646,89,1448,735,16259847
646,89,1449,735,16259847
646,89,1449,735,16259847
646,89,1449,735,16259847
646,89,1449,735,16259847
646,89,1449,735,16259847
646,89,1449,735,16259847
646,89,1451,735,16259847
646,89,1452,735,16259847
646,89,1452,735,16259847
646,89,1452,735,16259847
646,89,1454,735,16259847
646,89,1456,735,16259847
646,89,1458,735,16259847
646,89,1460,735,16259847
646,89,1462,735,16259847
647,89,1463,736,16290911
647,89,1465,736,16290911
647,89,1467,736,16290911
647,89,1468,736,16290911
647,89,1468,736,16290911
647,89,1468,736,16290911
647,89,1468,736,16290911
649,89,1468,738,16314497
650,89,1468,739,16338899
651,89,1469,740,16363398
652,89,1469,741,16388652
653,89,1469,742,16411559
653,89,1469,742,16411559
655,89,1469,744,16435145
656,89,1470,745,16471748
657,89,1470,746,16493299
658,89,1470,747,16519996
658,89,1472,747,16519996
659,89,1473,748,16556599
660,89,1473,749,16583296
662,89,1473,751,16617015
662,89,1475,751,16617015
662,89,1477,751,16617015
663,89,1478,752,16641337
664,89,1478,753,16665558
665,89,1478,754,16688214
665,89,1478,754,16688214
665,89,1478,754,16688214
665,89,1480,754,16688214
665,89,1482,754,16688214
665,89,1484,754,16688214
665,89,1486,754,16688214
666,89,1487,755,16714911
666,89,1489,755,16714911
666,89,1491,755,16714911
666,89,1493,755,16714911
666,89,1495,755,16714911
667,89,1496,756,16751514
667,89,1498,756,16751514
667,89,1498,756,16751514
667,89,1498,756,16751514
669,89,1498,758,16786738
669,89,1498,758,16786738
669,89,1500,758,16786738
669,89,1502,758,16786738
669,89,1502,758,16786738
669,89,1504,758,16786738
669,89,1506,758,16786738
669,89,1508,758,16786738
669,89,1508,758,16786738
669,89,1508,758,16786738
669,89,1508,758,16786738
669,89,1508,758,16786738
669,89,1510,758,16786738
670,89,1511,759,16806230
671,89,1512,760,16825017
671,89,1514,760,16825017
671,89,1516,760,16825017
671,89,1517,760,16825017
671,89,1517,760,16825017
671,89,1517,760,16825017
671,89,1517,760,16825017
671,89,1519,760,16825017
671,89,1521,760,16825017
672,89,1522,761,16855187
672,89,1524,761,16855187
672,89,1524,761,16855187
672,89,1524,761,16855187
672,89,1524,761,16855187
672,89,1524,761,16855187
672,89,1526,761,16855187
672,89,1528,761,16855187
672,89,1530,761,16855187
672,89,1532,761,16855187
673,89,1533,762,16880204
674,89,1534,763,16908274
674,89,1536,763,16908274
674,89,1538,763,16908274
675,89,1539,764,16932773
675,89,1541,764,16932773
677,89,1541,766,16972925
678,89,1541,767,17002599
678,89,1543,767,17002599
678,89,1545,767,17002599
678,89,1545,767,17002599
678,89,1545,767,17002599
678,89,1547,767,17002599
679,89,1548,768,17030669
679,89,1550,768,17030669
679,89,1552,768,17030669
679,89,1554,768,17030669
679,89,1556,768,17030669
680,89,1557,769,17055168
680,89,1558,769,17055168
680,89,1560,769,17055168
680,89,1562,769,17055168
680,89,1564,769,17055168
681,89,1565,770,17075205
681,89,1567,770,17075205
683,89,1567,772,17103253
684,89,1567,773,17128507
685,89,1567,774,17151414
685,89,1567,774,17151414
685,89,1567,774,17151414
686,89,1568,775,17185811
686,90,1568,776,17210356
686,90,1568,776,17210356
686,90,1570,776,17210356
686,90,1570,776,17210356
686,90,1572,776,17210356
687,90,1573,777,17241198
688,90,1574,778,17278107
688,90,1576,778,17278107
688,90,1576,778,17278107
688,90,1578,778,17278107
690,90,1578,780,17306155
691,90,1578,781,17331409
692,90,1578,782,17354316
692,90,1578,782,17354316
692,90,1578,782,17354316
692,90,1578,782,17354316
692,90,1578,782,17354316
692,90,1580,782,17354316
692,90,1580,782,17354316
692,90,1580,782,17354316
692,90,1580,782,17354316
692,90,1580,782,17354316
692,90,1580,782,17354316
692,90,1580,782,17354316
693,90,1581,783,17378638
694,90,1581,784,17409954
694,90,1581,784,17409954
694,90,1581,784,17409954
694,90,1581,784,17409954
694,90,1581,784,17409954
696,90,1581,786,17450412
696,90,1581,786,17450412
696,90,1581,786,17450412
696,90,1581,786,17450412
697,90,1582,787,17481254
697,90,1582,787,17481254
697,90,1582,787,17481254
697,90,1582,787,17481254
699,90,1582,789,17521254
700,90,1582,790,17541312
700,90,1582,790,17541312
700,90,1582,790,17541312
700,90,1582,790,17541312
700,90,1584,790,17541312
700,90,1586,790,17541312
700,90,1586,790,17541312
702,90,1586,792,17575031
703,90,1586,793,17602463
704,90,1586,794,17626784
706,90,1586,796,17650370
707,90,1586,797,17674772
708,90,1587,798,17693559
709,90,1587,799,17713051
709,90,1589,799,17713051
709,90,1589,799,17713051
709,90,1591,799,17713051
709,90,1591,799,17713051
709,90,1591,799,17713051
709,90,1593,799,17713051
709,90,1595,799,17713051
709,90,1595,799,17713051
709,90,1595,799,17713051
709,90,1597,799,17713051
709,90,1597,799,17713051
709,90,1597,799,17713051
709,90,1599,799,17713051
711,90,1599,801,17747217
712,90,1600,802,17767254
713,90,1600,803,17791656
713,90,1602,803,17791656
713,90,1602,803,17791656
713,90,1602,803,17791656
713,90,1602,803,17791656
713,90,1602,803,17791656
713,90,1602,803,17791656
713,90,1602,803,17791656
713,90,1602,803,17791656
713,90,1602,803,17791656
713,90,1604,803,17791656
713,90,1606,803,17791656
713,90,1608,803,17791656
713,90,1610,803,17791656
714,90,1610,804,17822498
714,90,1610,804,17822498
714,90,1610,804,17822498
714,90,1610,804,17822498
714,90,1610,804,17822498
714,90,1610,804,17822498
715,90,1611,805,17852668
715,90,1613,805,17852668
715,90,1615,805,17852668
715,90,1617,805,17852668
715,90,1619,805,17852668
715,90,1621,805,17852668
715,90,1623,805,17852668
715,90,1625,805,17852668
715,90,1627,805,17852668
715,90,1629,805,17852668
715,90,1631,805,17852668
715,90,1633,805,17852668
715,90,1633,805,17852668
717,90,1633,807,17876254
718,90,1633,808,17900656
718,90,1635,808,17900656
719,90,1636,809,17938757
721,90,1636,811,17961093
722,90,1636,812,17980585
722,90,1636,812,17980585
722,90,1636,812,17980585
723,90,1637,813,18010755
725,90,1637,815,18038626
726,90,1637,816,18061995
727,90,1638,817,18092165
728,90,1639,818,18127122
729,90,1639,819,18149814
730,90,1640,820,18179984
732,90,1640,822,18202320
733,90,1640,823,18221812
733,90,1640,823,18221812
734,90,1641,824,18244530
735,90,1641,825,18269898
735,90,1641,825,18269898
735,90,1641,825,18269898
735,90,1641,825,18269898
736,90,1642,826,18307023
736,90,1644,826,18307023
736,90,1646,826,18307023
736,90,1647,826,18307023
736,90,1649,826,18307023
736,90,1651,826,18307023
736,90,1652,826,18307023
736,90,1654,826,18307023
738,90,1654,828,18345529
739,90,1654,829,18378595
739,90,1654,829,18378595
739,90,1654,829,18378595
740,90,1655,830,18415046
741,90,1655,831,18435104
741,90,1655,831,18435104
741,90,1655,831,18435104
741,90,1655,831,18435104
743,90,1655,833,18462975
744,90,1656,834,18496041
744,90,1658,834,18496041
745,90,1659,835,18528178
745,90,1659,835,18528178
745,90,1659,835,18528178
745,90,1661,835,18528178
745,90,1662,835,18528178
745,90,1662,835,18528178
745,90,1662,835,18528178
745,90,1662,835,18528178
745,90,1664,835,18528178
745,90,1664,835,18528178
745,90,1664,835,18528178
747,90,1664,837,18568330
748,90,1664,838,18598004
748,90,1664,838,18598004
748,90,1666,838,18598004
748,90,1666,838,18598004
748,90,1666,838,18598004
748,90,1668,838,18598004
749,90,1669,839,18628174
749,90,1671,839,18628174
749,90,1671,839,18628174
749,90,1673,839,18628174
749,90,1675,839,18628174
749,90,1675,839,18628174
749,90,1677,839,18628174
749,90,1679,839,18628174
749,90,1679,839,18628174
749,90,1681,839,18628174
749,90,1681,839,18628174
749,90,1683,839,18628174
749,90,1685,839,18628174
749,90,1687,839,18628174
749,90,1689,839,18628174
749,90,1691,839,18628174
749,90,1693,839,18628174
749,90,1693,839,18628174
749,90,1693,839,18628174
751,90,1693,841,18650510
752,90,1693,842,18670002
752,90,1693,842,18670002
752,90,1693,842,18670002
752,90,1693,842,18670002
752,90,1693,842,18670002
753,90,1694,843,18708103
753,90,1694,843,18708103
753,90,1694,843,18708103
753,90,1694,843,18708103
753,90,1694,843,18708103
754,90,1695,844,18739072
755,90,1695,845,18759351
756,90,1695,846,18778754
756,90,1695,846,18778754
756,90,1695,846,18778754
756,90,1695,846,18778754
757,90,1696,847,18813711
758,90,1696,848,18844001
758,90,1696,848,18844001
758,90,1696,848,18844001
758,90,1698,848,18844001
758,90,1699,848,18844001
758,90,1701,848,18844001
758,90,1701,848,18844001
758,90,1701,848,18844001
758,90,1701,848,18844001
758,90,1703,848,18844001
758,90,1703,848,18844001
758,90,1705,848,18844001
759,90,1706,849,18868500
760,90,1706,850,18896570
762,90,1706,852,18920156
763,90,1706,853,18944558
764,90,1707,854,18975175
765,90,1707,855,19009572
765,90,1707,855,19009572
765,90,1707,855,19009572
765,90,1707,855,19009572
765,90,1709,855,19009572
765,90,1709,855,19009572
765,90,1709,855,19009572
765,90,1711,855,19009572
767,90,1711,857,19051222
768,90,1711,858,19075118
768,90,1711,858,19075118
769,90,1712,859,19105735
770,90,1712,860,19140132
770,90,1712,860,19140132
770,90,1712,860,19140132
772,90,1712,862,19178078
773,90,1712,863,19202622
773,90,1712,863,19202622
773,90,1714,863,19202622
773,90,1714,863,19202622
773,90,1714,863,19202622
773,90,1714,863,19202622
773,90,1716,863,19202622
773,90,1716,863,19202622
773,90,1716,863,19202622
774,90,1717,864,19240723
775,90,1717,865,19258622
775,90,1719,865,19258622
775,90,1720,865,19258622
775,90,1720,865,19258622
775,90,1722,865,19258622
775,90,1722,865,19258622
775,90,1722,865,19258622
775,90,1722,865,19258622
775,90,1722,865,19258622
777,90,1722,867,19300272
778,90,1723,868,19320309
779,90,1723,869,19344711
781,90,1723,871,19385385
781,90,1723,871,19385385
783,90,1723,873,19414115
784,90,1724,874,19439618
785,90,1724,875,19464651
785,90,1726,875,19464651
786,90,1727,876,19494821
786,90,1727,876,19494821
786,90,1727,876,19494821
786,90,1729,876,19494821
786,90,1729,876,19494821
786,90,1729,876,19494821
786,90,1729,876,19494821
786,90,1729,876,19494821
786,90,1729,876,19494821
786,90,1729,876,19494821
786,90,1729,876,19494821
786,90,1731,876,19494821
786,90,1732,876,19494821
786,90,1733,876,19494821
786,90,1735,876,19494821
786,90,1737,876,19494821
786,90,1739,876,19494821
788,90,1739,878,19523551
789,90,1739,879,19547749
790,90,1740,880,19577919
791,90,1741,881,19615044
792,90,1742,882,19646108
793,90,1742,883,19667821
793,90,1744,883,19667821
795,90,1744,885,19707821
796,90,1744,886,19731230
796,90,1744,886,19731230
797,90,1745,887,19769331
798,90,1746,888,19789368
799,90,1746,889,19813770
799,90,1746,889,19813770
801,90,1746,891,19836106
802,90,1746,892,19855598
802,90,1746,892,19855598
802,90,1746,892,19855598
802,90,1746,892,19855598
802,90,1748,892,19855598
802,90,1750,892,19855598
802,90,1752,892,19855598
802,90,1754,892,19855598
802,90,1756,892,19855598
802,90,1758,892,19855598
802,90,1758,892,19855598
802,90,1758,892,19855598
802,90,1758,892,19855598
802,90,1760,892,19855598
803,90,1761,893,19885768
803,90,1763,893,19885768
803,90,1765,893,19885768
803,90,1767,893,19885768
803,90,1769,893,19885768
803,90,1771,893,19885768
803,90,1773,893,19885768
803,90,1775,893,19885768
803,90,1777,893,19885768
805,90,1777,895,19927418
805,90,1777,895,19927418
805,90,1777,895,19927418
805,90,1777,895,19927418
805,90,1777,895,19927418
806,90,1778,896,19957588
806,90,1780,896,19957588
806,90,1782,896,19957588
806,90,1784,896,19957588
806,90,1786,896,19957588
806,90,1788,896,19957588
806,90,1790,896,19957588
806,90,1792,896,19957588
806,90,1794,896,19957588
806,90,1796,896,19957588
806,90,1798,896,19957588
806,90,1800,896,19957588
806,90,1802,896,19957588
806,90,1804,896,19957588
806,90,1806,896,19957588
806,90,1808,896,19957588
807,90,1809,897,19988557
808,90,1809,898,20008836
809,90,1809,899,20028239
809,90,1809,899,20028239
809,90,1809,899,20028239
809,90,1809,899,20028239
809,90,1811,899,20028239
809,90,1813,899,20028239
809,90,1815,899,20028239
809,90,1817,899,20028239
809,90,1819,899,20028239
809,90,1821,899,20028239
811,90,1821,901,20047630
812,90,1822,902,20085731
812,90,1822,902,20085731
812,90,1822,902,20085731
813,90,1823,903,20115901
815,90,1823,905,20149620
816,90,1823,906,20171587
816,90,1823,906,20171587
816,90,1825,906,20171587
816,90,1825,906,20171587
816,90,1825,906,20171587
816,90,1825,906,20171587
817,90,1826,907,20209688
817,91,1826,908,20234641
819,91,1826,910,20268360
819,91,1828,910,20268360
819,91,1828,910,20268360
819,91,1828,910,20268360
819,91,1830,910,20268360
821,91,1830,912,20296107
822,91,1831,913,20321288
822,92,1832,914,20341659
822,92,1832,914,20341659
823,92,1833,915,20367162
824,92,1833,916,20392195
825,92,1834,917,20422365
826,92,1835,918,20441152
828,92,1835,920,20464738
829,92,1835,921,20489140
830,92,1836,922,20513462
831,92,1836,923,20545599
831,92,1836,923,20545599
831,92,1836,923,20545599
833,92,1836,925,20576230
834,92,1836,926,20608901
834,92,1836,926,20608901
834,92,1836,926,20608901
834,92,1836,926,20608901
835,92,1837,927,20639071
836,92,1837,928,20670135
837,92,1837,929,20706310
837,92,1837,929,20706310
837,92,1839,929,20706310
837,92,1839,929,20706310
838,92,1840,930,20744411
840,92,1840,932,20786206
840,93,1840,933,20797312
840,93,1840,933,20797312
840,93,1842,933,20797312
840,93,1843,933,20797312
840,93,1843,933,20797312
840,93,1845,933,20797312
842,93,1845,935,20820898
843,93,1845,936,20845300
844,93,1846,937,20881903
845,93,1847,938,20904432
845,93,1847,938,20904432
847,93,1847,940,20946082
847,93,1849,940,20946082
847,93,1851,940,20946082
848,93,1852,941,20976252
848,93,1854,941,20976252
850,93,1854,943,20999838
850,94,1854,944,21014248
850,94,1854,944,21014248
850,94,1854,944,21014248
850,94,1854,944,21014248
851,94,1855,945,21038747
852,94,1855,946,21066817
854,94,1855,948,21100536
855,94,1856,949,21120573
856,94,1856,950,21144975
857,94,1857,951,21181578
858,94,1857,952,21208275
858,94,1857,952,21208275
858,94,1857,952,21208275
858,94,1857,952,21208275
859,94,1858,953,21238445
859,94,1860,953,21238445
859,94,1860,953,21238445
859,94,1860,953,21238445
859,94,1860,953,21238445
859,94,1860,953,21238445
861,94,1860,955,21266316
862,94,1860,956,21298453
863,94,1860,957,21321822
863,94,1860,957,21321822
864,94,1861,958,21356779
865,94,1861,959,21387069
865,94,1861,959,21387069
865,94,1861,959,21387069
866,94,1862,960,21423672
866,94,1864,960,21423672
867,94,1865,961,21453346
867,94,1865,961,21453346
867,94,1865,961,21453346
867,94,1865,961,21453346
867,94,1865,961,21453346
867,94,1865,961,21453346
867,94,1867,961,21453346
867,94,1869,961,21453346
867,94,1871,961,21453346
867,94,1873,961,21453346
867,94,1874,961,21453346
867,94,1875,961,21453346
867,94,1875,961,21453346
868,94,1876,962,21477845
869,94,1876,963,21505915
870,94,1877,964,21536085
870,94,1879,964,21536085
870,94,1881,964,21536085
870,94,1881,964,21536085
870,94,1881,964,21536085
870,94,1881,964,21536085
870,94,1881,964,21536085
870,94,1881,964,21536085
870,94,1881,964,21536085
870,94,1881,964,21536085
870,94,1881,964,21536085
870,94,1883,964,21536085
872,94,1883,966,21563407
873,94,1884,967,21588209
873,94,1886,967,21588209
873,94,1888,967,21588209
873,94,1888,967,21588209
873,94,1888,967,21588209
873,94,1888,967,21588209
874,94,1889,968,21608246
875,94,1889,969,21633749
875,94,1889,969,21633749
875,94,1889,969,21633749
875,94,1889,969,21633749
875,94,1889,969,21633749
875,94,1889,969,21633749
875,94,1889,969,21633749
875,94,1889,969,21633749
877,94,1889,971,21673749
878,94,1889,972,21693807
878,94,1889,972,21693807
878,94,1889,972,21693807
878,94,1889,972,21693807
878,94,1889,972,21693807
879,94,1890,973,21712594
879,94,1890,973,21712594
879,94,1890,973,21712594
879,94,1890,973,21712594
879,94,1890,973,21712594
879,94,1890,973,21712594
879,94,1890,973,21712594
881,94,1890,975,21754244
882,94,1890,976,21772143
883,94,1890,977,21799225
885,94,1890,979,21833391
886,94,1890,980,21867788
886,94,1890,980,21867788
887,94,1891,981,21897958
887,94,1891,981,21897958
887,94,1891,981,21897958
889,94,1891,983,21931677
890,94,1891,984,21962741
891,94,1891,985,21998916
891,94,1893,985,21998916
891,94,1893,985,21998916
891,94,1895,985,21998916
892,94,1896,986,22018953
893,94,1896,987,22043355
893,94,1896,987,22043355
895,94,1896,989,22083507
896,94,1896,990,22105058
898,94,1896,992,22153469
899,94,1897,993,22187821
901,94,1897,995,22228928
901,94,1897,995,22228928
902,94,1898,996,22252701
903,94,1898,997,22277503
903,94,1898,997,22277503
905,94,1898,999,22301089
906,94,1898,1000,22325491
907,94,1899,1001,22349813
908,94,1899,1002,22382879
909,94,1899,1003,22415016
909,94,1899,1003,22415016
909,94,1899,1003,22415016
911,94,1899,1005,22455690
912,94,1900,1006,22485860
912,94,1902,1006,22485860
912,94,1904,1006,22485860
912,94,1906,1006,22485860
912,94,1906,1006,22485860
912,94,1908,1006,22485860
912,94,1910,1006,22485860
912,94,1912,1006,22485860
912,94,1914,1006,22485860
912,94,1916,1006,22485860
912,94,1918,1006,22485860
914,94,1918,1008,22509446
915,94,1918,1009,22533848
916,94,1919,1010,22564018
916,94,1921,1010,22564018
916,94,1923,1010,22564018
916,94,1924,1010,22564018
916,94,1924,1010,22564018
916,94,1924,1010,22564018
916,94,1924,1010,22564018
916,94,1926,1010,22564018
916,94,1928,1010,22564018
916,94,1930,1010,22564018
917,94,1930,1011,22588562
917,94,1931,1011,22588562
917,94,1933,1011,22588562
918,94,1933,1012,22615994
919,94,1933,1013,22640315
920,94,1933,1014,22662282
920,94,1935,1014,22662282
920,94,1937,1014,22662282
920,94,1939,1014,22662282
920,94,1941,1014,22662282
920,94,1943,1014,22662282
920,94,1943,1014,22662282
920,94,1943,1014,22662282
920,94,1945,1014,22662282
920,94,1946,1014,22662282
922,94,1946,1016,22685868
923,94,1946,1017,22710270
924,94,1947,1018,22740440
925,94,1948,1019,22764939
925,95,1948,1020,22789079
926,95,1948,1021,22817149
926,95,1950,1021,22817149
928,95,1950,1023,22850868
929,95,1951,1024,22887993
930,95,1951,1025,22910711
931,95,1951,1026,22936079
933,95,1951,1028,22959665
934,95,1952,1029,22989835
936,95,1952,1031,23018565
937,95,1952,1032,23042763
938,95,1952,1033,23068539
938,95,1952,1033,23068539
938,95,1952,1033,23068539
938,95,1954,1033,23068539
938,95,1956,1033,23068539
938,95,1956,1033,23068539
938,95,1956,1033,23068539
938,95,1956,1033,23068539
938,95,1956,1033,23068539
938,95,1956,1033,23068539
939,95,1957,1034,23094042
939,95,1957,1034,23094042
939,95,1957,1034,23094042
939,95,1957,1034,23094042
939,95,1957,1034,23094042
941,95,1957,1036,23127761
941,95,1959,1036,23127761
941,95,1961,1036,23127761
941,95,1963,1036,23127761
941,95,1965,1036,23127761
941,95,1967,1036,23127761
941,95,1969,1036,23127761
941,95,1971,1036,23127761
941,95,1973,1036,23127761
941,95,1975,1036,23127761
941,95,1977,1036,23127761
941,95,1979,1036,23127761
941,95,1981,1036,23127761
941,95,1983,1036,23127761
941,95,1985,1036,23127761
941,95,1987,1036,23127761
941,95,1989,1036,23127761
941,95,1991,1036,23127761
941,95,1993,1036,23127761
941,95,1995,1036,23127761
941,95,1997,1036,23127761
941,95,1999,1036,23127761
941,95,2001,1036,23127761
942,95,2002,1037,23165862
942,95,2004,1037,23165862
942,95,2004,1037,23165862
942,95,2006,1037,23165862
942,95,2008,1037,23165862
942,95,2010,1037,23165862
942,95,2012,1037,23165862
942,95,2014,1037,23165862
942,95,2016,1037,23165862
942,95,2018,1037,23165862
942,95,2020,1037,23165862
942,95,2022,1037,23165862
943,95,2022,1038,23196926
943,95,2022,1038,23196926
943,95,2022,1038,23196926
943,95,2022,1038,23196926
943,95,2022,1038,23196926
943,95,2022,1038,23196926
945,95,2022,1040,23224974
946,95,2022,1041,23250228
947,95,2022,1042,23273135
947,95,2022,1042,23273135
947,95,2024,1042,23273135
947,95,2026,1042,23273135
948,95,2027,1043,23293172
949,95,2027,1044,23317574
951,95,2027,1046,23352798
952,95,2028,1047,23376571
953,95,2028,1048,23401373
954,95,2029,1049,23431543
954,95,2031,1049,23431543
954,95,2033,1049,23431543
954,95,2035,1049,23431543
954,95,2037,1049,23431543
954,95,2039,1049,23431543
954,95,2041,1049,23431543
954,95,2043,1049,23431543
954,95,2045,1049,23431543
954,95,2047,1049,23431543
955,95,2048,1050,23450330
956,95,2049,1051,23469822
956,95,2051,1051,23469822
956,95,2053,1051,23469822
956,95,2055,1051,23469822
956,95,2057,1051,23469822
956,95,2059,1051,23469822
956,95,2061,1051,23469822
956,95,2063,1051,23469822
956,95,2065,1051,23469822
956,95,2067,1051,23469822
956,95,2069,1051,23469822
956,95,2071,1051,23469822
956,95,2073,1051,23469822
956,95,2075,1051,23469822
956,95,2077,1051,23469822
958,95,2077,1053,23503541
958,95,2079,1053,23503541
958,95,2081,1053,23503541
958,95,2083,1053,23503541
958,95,2085,1053,23503541
958,95,2087,1053,23503541
958,95,2089,1053,23503541
958,95,2091,1053,23503541
958,95,2093,1053,23503541
958,95,2095,1053,23503541
958,95,2097,1053,23503541
959,95,2098,1054,23528343
961,95,2098,1056,23556391
962,95,2098,1057,23584869
964,95,2098,1059,23618588
965,95,2099,1060,23638625
967,95,2099,1062,23678625
968,95,2100,1063,23715750
969,95,2100,1064,23735016
971,95,2100,1066,23776666
972,95,2101,1067,23813791
973,95,2101,1068,23832605
975,95,2101,1070,23854941
975,95,2101,1070,23854941
975,95,2101,1070,23854941
975,95,2101,1070,23854941
975,95,2103,1070,23854941
975,95,2103,1070,23854941
975,95,2103,1070,23854941
975,95,2103,1070,23854941
975,95,2105,1070,23854941
975,95,2105,1070,23854941
976,95,2106,1071,23878714
977,95,2106,1072,23908272
977,95,2106,1072,23908272
979,95,2106,1074,23936143
980,95,2106,1075,23968280
981,95,2106,1076,23991649
981,95,2106,1076,23991649
982,95,2107,1077,24016148
983,95,2107,1078,24044218
985,95,2107,1080,24067804
986,95,2107,1081,24092206
987,95,2108,1082,24128809
988,95,2108,1083,24155506
990,95,2108,1085,24194012
991,95,2108,1086,24227078
991,95,2108,1086,24227078
991,95,2108,1086,24227078
992,95,2109,1087,24265179
993,95,2109,1088,24289075
993,95,2109,1088,24289075
995,95,2109,1090,24329749
995,95,2111,1090,24329749
995,95,2111,1090,24329749
996,95,2112,1091,24366352
997,95,2113,1092,24396026
999,95,2113,1094,24436178
1000,95,2113,1095,24462875
1001,95,2114,1096,24493045
1002,95,2115,1097,24507454
1002,95,2117,1097,24507454
1002,95,2119,1097,24507454
1002,95,2121,1097,24507454
1002,95,2123,1097,24507454
1002,95,2125,1097,24507454
1002,95,2127,1097,24507454
1002,95,2129,1097,24507454
1002,95,2131,1097,24507454
1002,95,2133,1097,24507454
1002,95,2135,1097,24507454
1002,95,2137,1097,24507454
1002,95,2139,1097,24507454
1002,95,2141,1097,24507454
1002,95,2143,1097,24507454
1002,95,2145,1097,24507454
1002,95,2147,1097,24507454
1003,95,2148,1098,24544579
1004,95,2149,1099,24563845
1004,95,2151,1099,24563845
1004,95,2153,1099,24563845
1006,95,2153,1101,24597564
1007,95,2153,1102,24619531
1007,95,2153,1102,24619531
1007,95,2153,1102,24619531
1007,95,2153,1102,24619531
1007,95,2155,1102,24619531
1008,95,2156,1103,24639568
1009,95,2156,1104,24663655
1009,95,2156,1104,24663655
1009,95,2156,1104,24663655
1009,95,2156,1104,24663655
1009,95,2156,1104,24663655
1009,95,2156,1104,24663655
1009,95,2156,1104,24663655
1009,95,2158,1104,24663655
1009,95,2160,1104,24663655
1011,95,2160,1106,24687241
1012,95,2161,1107,24706028
1013,95,2161,1108,24725520
1015,95,2161,1110,24765672
1016,95,2161,1111,24792369
1016,95,2161,1111,24792369
1017,95,2162,1112,24822539
1018,95,2162,1113,24849971
1019,95,2162,1114,24874292
1021,95,2162,1116,24902340
1022,95,2162,1117,24927594
1023,95,2163,1118,24954676
1024,95,2163,1119,24987347
1026,95,2163,1121,25010933
1027,95,2164,1122,25041103
1029,95,2164,1124,25082753
1029,95,2166,1124,25082753
1029,95,2167,1124,25082753
1029,95,2167,1124,25082753
1030,95,2168,1125,25106526
1031,95,2168,1126,25131328
1031,95,2168,1126,25131328
1032,95,2169,1127,25155730
1032,95,2171,1127,25155730
1032,95,2172,1127,25155730
1033,95,2173,1128,25180052
1034,95,2173,1129,25212189
1034,95,2173,1129,25212189
1034,95,2173,1129,25212189
1036,95,2173,1131,25235775
1037,95,2173,1132,25260177
1038,95,2174,1133,25295134
1039,95,2174,1134,25317826
1040,95,2174,1135,25349830
1040,95,2176,1135,25349830
1040,95,2177,1135,25349830
1040,95,2179,1135,25349830
1040,95,2180,1135,25349830
1041,95,2181,1136,25387931
1041,95,2183,1136,25387931
1041,95,2185,1136,25387931
1041,95,2187,1136,25387931
1041,95,2189,1136,25387931
1041,95,2191,1136,25387931
1041,95,2193,1136,25387931
1041,95,2195,1136,25387931
1041,95,2197,1136,25387931
1041,95,2199,1136,25387931
1041,95,2201,1136,25387931
1042,95,2202,1137,25422888
1043,95,2202,1138,25445580
1044,95,2202,1139,25468713
1044,95,2202,1139,25468713
1044,95,2202,1139,25468713
1044,95,2204,1139,25468713
1045,95,2204,1140,25483122
1045,95,2204,1140,25483122
1045,95,2206,1140,25483122
1045,95,2206,1140,25483122
1045,95,2208,1140,25483122
1047,95,2208,1142,25510444
1048,95,2208,1143,25535246
1050,95,2208,1145,25569764
1051,95,2208,1146,25601439
1051,95,2208,1146,25601439
1051,95,2208,1146,25601439
1051,95,2208,1146,25601439
1052,95,2209,1147,25636396
1053,95,2209,1148,25659088
1053,95,2211,1148,25659088
1053,95,2211,1148,25659088
1053,95,2211,1148,25659088
1053,95,2213,1148,25659088
1053,95,2213,1148,25659088
1053,95,2213,1148,25659088
1053,95,2213,1148,25659088
1053,95,2215,1148,25659088
1054,95,2216,1149,25682221
1054,95,2218,1149,25682221
1054,95,2220,1149,25682221
1054,95,2220,1149,25682221
1054,95,2220,1149,25682221
1054,95,2220,1149,25682221
1054,95,2220,1149,25682221
1054,95,2220,1149,25682221
1056,95,2220,1151,25715940
1056,95,2220,1151,25715940
1056,95,2220,1151,25715940
1056,95,2222,1151,25715940
1057,95,2223,1152,25750292
1058,95,2224,1153,25771528
1058,95,2226,1153,25771528
1058,95,2227,1153,25771528
1060,95,2227,1155,25805247
1061,95,2228,1156,25825284
1063,95,2228,1158,25852606
1064,95,2228,1159,25877408
1064,95,2228,1159,25877408
1065,95,2229,1160,25911760
1066,95,2229,1161,25932996
1066,95,2231,1161,25932996
1066,95,2233,1161,25932996
1066,95,2235,1161,25932996
1066,95,2237,1161,25932996
1066,95,2238,1161,25932996
1066,95,2239,1161,25932996
1067,95,2240,1162,25953033
1068,95,2240,1163,25977435
1069,95,2241,1164,26001934
1070,95,2241,1165,26027188
1071,95,2241,1166,26050095
1071,95,2243,1166,26050095
1071,95,2243,1166,26050095
1072,95,2244,1167,26080265
1073,95,2245,1168,26099052
1074,95,2245,1169,26118544
1075,95,2246,1170,26143725
1076,95,2246,1171,26167923
1076,95,2248,1171,26167923
1076,95,2250,1171,26167923
1076,95,2250,1171,26167923
1077,95,2251,1172,26202320
1077,96,2251,1173,26223211
1078,96,2251,1174,26243764
1079,96,2252,1175,26269267
1080,96,2252,1176,26294300
1080,96,2254,1176,26294300
1081,96,2255,1177,26331209
1082,96,2255,1178,26367660
1082,96,2255,1178,26367660
1082,96,2255,1178,26367660
1083,96,2256,1179,26399335
1084,96,2256,1180,26421062
1084,96,2256,1180,26421062
1084,96,2256,1180,26421062
1084,96,2256,1180,26421062
1084,96,2256,1180,26421062
1084,96,2258,1180,26421062
1086,96,2258,1182,26448933
1087,96,2258,1183,26473154
1088,96,2258,1184,26495810
1088,96,2258,1184,26495810
1088,96,2258,1184,26495810
1089,96,2259,1185,26515076
1089,96,2261,1185,26515076
1089,96,2261,1185,26515076
1089,96,2261,1185,26515076
1089,96,2263,1185,26515076
1089,96,2263,1185,26515076
1090,96,2264,1186,26553177
1090,96,2266,1186,26553177
1090,96,2268,1186,26553177
1090,96,2270,1186,26553177
1090,96,2272,1186,26553177
1091,96,2272,1187,26578390
1093,96,2272,1189,26604657
1095,96,2272,1191,26642379
1097,96,2272,1193,26667895
1098,96,2273,1194,26695327
1098,96,2275,1194,26695327
1098,96,2277,1194,26695327
1098,96,2279,1194,26695327
1098,96,2281,1194,26695327
1098,96,2283,1194,26695327
1098,96,2285,1194,26695327
1098,96,2287,1194,26695327
1098,96,2289,1194,26695327
1098,96,2291,1194,26695327
1098,96,2293,1194,26695327
1098,96,2293,1194,26695327
1098,96,2295,1194,26695327
1098,96,2297,1194,26695327
1098,96,2298,1194,26695327
1100,96,2298,1196,26735479
1101,96,2298,1197,26762176
1102,96,2299,1198,26782213
1103,96,2299,1199,26796622
1105,96,2299,1201,26826868
1106,96,2300,1202,26863777
1106,96,2302,1202,26863777
1106,96,2304,1202,26863777
1106,96,2305,1202,26863777
1106,96,2307,1202,26863777
1106,96,2307,1202,26863777
1106,96,2309,1202,26863777
1108,96,2309,1204,26904235
1109,96,2309,1205,26935077
1110,96,2309,1206,26956682
1111,96,2310,1207,26980455
1112,96,2310,1208,27005257
1113,96,2311,1209,27035427
1113,96,2313,1209,27035427
1113,96,2314,1209,27035427
1113,96,2314,1209,27035427
1113,96,2314,1209,27035427
1113,96,2314,1209,27035427
1113,96,2314,1209,27035427
1114,96,2315,1210,27073528
1115,96,2316,1211,27100610
1115,96,2316,1211,27100610
1115,96,2316,1211,27100610
1115,96,2316,1211,27100610
1115,96,2318,1211,27100610
1115,96,2320,1211,27100610
1115,96,2320,1211,27100610
1115,96,2322,1211,27100610
1115,96,2324,1211,27100610
1115,96,2326,1211,27100610
1115,96,2328,1211,27100610
1115,96,2330,1211,27100610
1115,96,2332,1211,27100610
1115,96,2334,1211,27100610
1115,96,2336,1211,27100610
1115,96,2338,1211,27100610
1115,96,2340,1211,27100610
1115,96,2342,1211,27100610
1115,96,2344,1211,27100610
1115,96,2346,1211,27100610
1115,96,2348,1211,27100610
1115,96,2350,1211,27100610
1116,96,2350,1212,27125823
1116,96,2350,1212,27125823
1116,96,2350,1212,27125823
1116,96,2350,1212,27125823
1116,96,2352,1212,27125823
1116,96,2354,1212,27125823
1116,96,2356,1212,27125823
1116,96,2356,1212,27125823
1116,96,2356,1212,27125823
1118,96,2356,1214,27153774
1118,96,2358,1214,27153774
1120,96,2358,1216,27193926
1121,96,2359,1217,27220623
1121,96,2359,1217,27220623
1121,96,2361,1217,27220623
1122,96,2362,1218,27239410
1123,96,2362,1219,27264427
1123,96,2364,1219,27264427
1125,96,2364,1221,27294673
1126,96,2365,1222,27324843
1128,96,2365,1224,27366493
1130,96,2365,1226,27408288
1131,96,2365,1227,27419393
1131,96,2365,1227,27419393
1131,96,2365,1227,27419393
1131,96,2365,1227,27419393
1132,96,2366,1228,27455996
1133,96,2366,1229,27482693
1133,96,2366,1229,27482693
1133,96,2366,1229,27482693
1133,96,2366,1229,27482693
1134,96,2367,1230,27502730
1135,96,2367,1231,27527132
1136,96,2367,1232,27541541
1136,96,2367,1232,27541541
1136,96,2367,1232,27541541
1136,96,2367,1232,27541541
1137,96,2368,1233,27571711
1137,96,2368,1233,27571711
1137,96,2370,1233,27571711
1139,96,2370,1235,27613361
1140,96,2371,1236,27633398
1141,96,2371,1237,27657800
1143,96,2371,1239,27680841
1143,96,2373,1239,27680841
1143,96,2375,1239,27680841
1143,96,2377,1239,27680841
1143,96,2379,1239,27680841
1143,96,2381,1239,27680841
1143,96,2383,1239,27680841
1143,96,2385,1239,27680841
1144,96,2386,1240,27699628
1144,96,2388,1240,27699628
1144,96,2390,1240,27699628
1144,96,2392,1240,27699628
1144,96,2394,1240,27699628
1144,96,2396,1240,27699628
1144,96,2398,1240,27699628
1144,96,2400,1240,27699628
1145,96,2401,1241,27729798
1146,96,2402,1242,27766923
1147,96,2402,1243,27789641
1149,96,2402,1245,27813227
1150,96,2403,1246,27843397
1150,96,2403,1246,27843397
1150,96,2405,1246,27843397
1150,96,2407,1246,27843397
1150,96,2409,1246,27843397
1150,96,2411,1246,27843397
1150,96,2413,1246,27843397
1150,96,2415,1246,27843397
1150,96,2417,1246,27843397
1150,96,2419,1246,27843397
1150,96,2421,1246,27843397
1150,96,2423,1246,27843397
1150,96,2425,1246,27843397
1150,96,2427,1246,27843397
1150,96,2429,1246,27843397
1150,96,2431,1246,27843397
1151,96,2432,1247,27867719
1152,96,2432,1248,27891940
1153,96,2432,1249,27914596
1155,96,2432,1251,27954748
1155,96,2434,1251,27954748
1156,96,2435,1252,27981445
1156,96,2435,1252,27981445
1156,96,2435,1252,27981445
1156,96,2435,1252,27981445
1157,96,2436,1253,28011615
1159,96,2436,1255,28045334
1160,96,2437,1256,28081937
1161,96,2437,1257,28103488
1162,96,2437,1258,28130185
1163,96,2438,1259,28157267
1164,96,2438,1260,28189938
1164,96,2438,1260,28189938
1164,96,2440,1260,28189938
1165,96,2441,1261,28213711
1166,96,2441,1262,28238513
1166,96,2441,1262,28238513
1166,96,2441,1262,28238513
1166,96,2443,1262,28238513
1166,96,2443,1262,28238513
1166,96,2445,1262,28238513
1167,96,2446,1263,28263694
1167,96,2447,1263,28263694
1167,96,2447,1263,28263694
1167,96,2447,1263,28263694
1167,96,2447,1263,28263694
1167,96,2447,1263,28263694
1167,96,2447,1263,28263694
1167,96,2449,1263,28263694
1167,96,2450,1263,28263694
1167,96,2450,1263,28263694
1167,96,2450,1263,28263694
1167,96,2450,1263,28263694
1168,96,2451,1264,28301795
1169,96,2452,1265,28322074
1169,96,2454,1265,28322074
1170,96,2455,1266,28353043
1171,96,2456,1267,28382601
1173,96,2456,1269,28424251
1174,96,2457,1270,28458648
1175,96,2457,1271,28483192
1176,96,2457,1272,28502935
1177,96,2458,1273,28533105
1177,96,2458,1273,28533105
1177,96,2460,1273,28533105
1177,96,2462,1273,28533105
1177,96,2463,1273,28533105
1177,96,2463,1273,28533105
1177,96,2463,1273,28533105
1177,96,2463,1273,28533105
1177,96,2465,1273,28533105
1177,96,2467,1273,28533105
1177,96,2467,1273,28533105
1177,96,2467,1273,28533105
1178,96,2468,1274,28548947
1178,96,2470,1274,28548947
1178,96,2471,1274,28548947
1178,96,2473,1274,28548947
1178,96,2474,1274,28548947
1178,96,2475,1274,28548947
1179,96,2476,1275,28573446
1180,96,2476,1276,28601516
1180,96,2478,1276,28601516
1180,96,2479,1276,28601516
1180,96,2481,1276,28601516
1180,96,2481,1276,28601516
1180,96,2481,1276,28601516
1180,96,2481,1276,28601516
1180,96,2481,1276,28601516
1182,96,2481,1278,28623852
1183,96,2481,1279,28643344
1183,96,2481,1279,28643344
1183,96,2481,1279,28643344
1183,96,2481,1279,28643344
1183,96,2481,1279,28643344
1184,96,2482,1280,28663381
1185,96,2482,1281,28687783
1186,96,2483,1282,28717953
1186,96,2485,1282,28717953
1186,96,2487,1282,28717953
1187,96,2488,1283,28754556
1188,96,2488,1284,28781253
1188,96,2488,1284,28781253
1188,96,2488,1284,28781253
1188,96,2488,1284,28781253
1188,96,2490,1284,28781253
1188,96,2490,1284,28781253
1188,96,2490,1284,28781253
1190,96,2490,1286,28821405
1191,96,2490,1287,28848102
1192,96,2491,1288,28878272
1192,96,2493,1288,28878272
1192,96,2495,1288,28878272
1192,96,2496,1288,28878272
1192,96,2497,1288,28878272
1192,96,2499,1288,28878272
1192,96,2499,1288,28878272
1192,96,2499,1288,28878272
1192,96,2499,1288,28878272
1192,96,2501,1288,28878272
1194,96,2501,1290,28901858
1195,96,2501,1291,28926260
1196,96,2502,1292,28950759
1197,96,2502,1293,28976013
1198,96,2502,1294,28998920
1198,96,2504,1294,28998920
1198,96,2506,1294,28998920
1198,96,2506,1294,28998920
1198,96,2506,1294,28998920
1198,96,2506,1294,28998920
1198,96,2508,1294,28998920
1198,96,2510,1294,28998920
1200,96,2510,1296,29021256
1201,96,2511,1297,29051426
1201,96,2513,1297,29051426
1201,96,2514,1297,29051426
1201,96,2515,1297,29051426
1201,96,2515,1297,29051426
1201,96,2515,1297,29051426
1201,96,2515,1297,29051426
1202,96,2516,1298,29088551
1203,96,2516,1299,29111269
1204,96,2516,1300,29132159
1205,96,2517,1301,29152196
1205,96,2517,1301,29152196
1205,96,2519,1301,29152196
1205,96,2521,1301,29152196
1205,96,2523,1301,29152196
1205,96,2525,1301,29152196
1206,96,2526,1302,29182813
1207,96,2526,1303,29217210
1207,96,2528,1303,29217210
1207,96,2528,1303,29217210
1207,96,2528,1303,29217210
1207,96,2528,1303,29217210
1207,96,2530,1303,29217210
1207,96,2531,1303,29217210
1208,96,2531,1304,29237763
1208,96,2533,1304,29237763
1208,96,2535,1304,29237763
1208,96,2537,1304,29237763
1209,96,2538,1305,29262085
1210,96,2538,1306,29293401
1211,96,2538,1307,29317622
1213,96,2538,1309,29357774
1214,96,2538,1310,29384471
1214,96,2538,1310,29384471
1214,96,2538,1310,29384471
1214,96,2538,1310,29384471
1215,96,2539,1311,29409652
1215,96,2539,1311,29409652
1215,96,2539,1311,29409652
1215,96,2539,1311,29409652
1215,96,2539,1311,29409652
1215,96,2539,1311,29409652
1215,96,2539,1311,29409652
1215,96,2539,1311,29409652
1215,96,2539,1311,29409652
1215,96,2539,1311,29409652
1215,96,2539,1311,29409652
1216,96,2540,1312,29447753
1216,96,2540,1312,29447753
1216,96,2540,1312,29447753
1216,96,2540,1312,29447753
1216,96,2540,1312,29447753
1216,96,2542,1312,29447753
1216,96,2542,1312,29447753
1216,96,2544,1312,29447753
1216,96,2544,1312,29447753
1216,96,2544,1312,29447753
1217,96,2545,1313,29477923
1217,96,2547,1313,29477923
1219,96,2547,1315,29518597
1220,96,2547,1316,29541315
1221,96,2547,1317,29562205
1222,96,2548,1318,29586704
1222,97,2549,1319,29619992
1222,97,2551,1319,29619992
1222,97,2553,1319,29619992
1222,97,2555,1319,29619992
1222,97,2557,1319,29619992
1222,97,2558,1319,29619992
1222,97,2560,1319,29619992
1222,97,2562,1319,29619992
1222,97,2563,1319,29619992
1222,97,2565,1319,29619992
1222,97,2567,1319,29619992
1222,97,2569,1319,29619992
1223,97,2570,1320,29654389
1223,97,2572,1320,29654389
1225,97,2572,1322,29688108
1226,97,2573,1323,29725233
1227,97,2573,1324,29747951
1227,97,2573,1324,29747951
1227,97,2573,1324,29747951
1227,97,2573,1324,29747951
1229,97,2573,1326,29788625
1230,97,2573,1327,29807439
1230,97,2573,1327,29807439
1230,97,2573,1327,29807439
1230,97,2573,1327,29807439
1230,97,2575,1327,29807439
1230,97,2575,1327,29807439
1230,97,2575,1327,29807439
1232,97,2575,1329,29841158
1232,97,2575,1329,29841158
1232,97,2577,1329,29841158
1233,97,2578,1330,29877761
1234,97,2579,1331,29904458
1234,97,2581,1331,29904458
1234,97,2582,1331,29904458
1234,97,2582,1331,29904458
1234,97,2582,1331,29904458
1234,97,2582,1331,29904458
1234,97,2584,1331,29904458
1234,97,2586,1331,29904458
1234,97,2588,1331,29904458
1234,97,2590,1331,29904458
1234,97,2592,1331,29904458
1234,97,2594,1331,29904458
1234,97,2596,1331,29904458
1234,97,2598,1331,29904458
1234,97,2600,1331,29904458
1236,97,2600,1333,29928044
1237,97,2600,1334,29942453
1238,97,2601,1335,29966855
1239,97,2602,1336,29997025
1240,97,2603,1337,30021524
1241,97,2603,1338,30049594
1243,97,2603,1340,30088100
1244,97,2603,1341,30118390
1244,97,2603,1341,30118390
1244,97,2603,1341,30118390
1244,97,2603,1341,30118390
1244,97,2605,1341,30118390
1244,97,2607,1341,30118390
1244,97,2609,1341,30118390
1244,97,2611,1341,30118390
1244,97,2613,1341,30118390
1244,97,2615,1341,30118390
1244,97,2617,1341,30118390
1244,97,2619,1341,30118390
1244,97,2621,1341,30118390
1244,97,2623,1341,30118390
1244,97,2625,1341,30118390
1244,97,2627,1341,30118390
1244,97,2629,1341,30118390
1244,97,2631,1341,30118390
1244,97,2633,1341,30118390
1244,97,2635,1341,30118390
1244,97,2637,1341,30118390
1244,97,2639,1341,30118390
1244,97,2641,1341,30118390
1245,97,2642,1342,30148560
1245,97,2644,1342,30148560
1245,97,2646,1342,30148560
1245,97,2647,1342,30148560
1246,97,2648,1343,30178730
1246,97,2650,1343,30178730
1246,97,2652,1343,30178730
1246,97,2654,1343,30178730
1246,97,2656,1343,30178730
1246,97,2658,1343,30178730
1246,97,2660,1343,30178730
1246,97,2662,1343,30178730
1246,97,2664,1343,30178730
1246,97,2666,1343,30178730
1246,97,2668,1343,30178730
1246,97,2670,1343,30178730
1246,97,2672,1343,30178730
1246,97,2674,1343,30178730
1246,97,2676,1343,30178730
1246,97,2678,1343,30178730
1246,97,2680,1343,30178730
1246,97,2682,1343,30178730
1246,97,2684,1343,30178730
1246,97,2686,1343,30178730
1246,97,2688,1343,30178730
1246,97,2690,1343,30178730
1246,97,2690,1343,30178730
1246,97,2690,1343,30178730
1246,97,2692,1343,30178730
1246,97,2694,1343,30178730
1246,97,2696,1343,30178730
1246,97,2698,1343,30178730
1246,97,2700,1343,30178730
1246,97,2702,1343,30178730
1247,97,2703,1344,30203052
1248,97,2703,1345,30227273
1249,97,2704,1346,30249929
1249,97,2704,1346,30249929
1249,97,2704,1346,30249929
1249,97,2704,1346,30249929
1249,97,2706,1346,30249929
1249,97,2708,1346,30249929
1249,97,2708,1346,30249929
1249,97,2710,1346,30249929
1250,97,2711,1347,30280546
1251,97,2712,1348,30294955
1251,97,2712,1348,30294955
1251,97,2712,1348,30294955
1251,97,2712,1348,30294955
1253,97,2712,1350,30317291
1254,97,2712,1351,30336783
1254,97,2712,1351,30336783
1254,97,2712,1351,30336783
1254,97,2712,1351,30336783
1254,97,2712,1351,30336783
1254,97,2714,1351,30336783
1254,97,2716,1351,30336783
1254,97,2718,1351,30336783
1254,97,2718,1351,30336783
1255,97,2719,1352,30356820
1256,97,2719,1353,30371229
1256,97,2719,1353,30371229
1258,97,2719,1355,30394815
1259,97,2720,1356,30431418
1260,97,2720,1357,30458115
1262,97,2720,1359,30498267
1263,97,2720,1360,30524964
1263,97,2720,1360,30524964
1263,97,2720,1360,30524964
1263,97,2720,1360,30524964
1264,97,2721,1361,30555134
1264,97,2723,1361,30555134
1266,97,2723,1363,30588853
1266,97,2723,1363,30588853
1267,97,2724,1364,30623810
1268,97,2724,1365,30654100
1268,97,2724,1365,30654100
1268,97,2726,1365,30654100
1270,97,2726,1367,30692046
1271,97,2726,1368,30712599
1271,97,2726,1368,30712599
1271,97,2726,1368,30712599
1272,97,2727,1369,30750700
1273,97,2727,1370,30768599
1273,97,2729,1370,30768599
1273,97,2731,1370,30768599
1274,97,2732,1371,30803556
1275,97,2732,1372,30826689
1275,97,2732,1372,30826689
1275,97,2732,1372,30826689
1275,97,2734,1372,30826689
1275,97,2736,1372,30826689
1275,97,2736,1372,30826689
1275,97,2738,1372,30826689
1275,97,2738,1372,30826689
1275,97,2738,1372,30826689
1275,97,2738,1372,30826689
1275,97,2740,1372,30826689
1275,97,2742,1372,30826689
1275,97,2742,1372,30826689
1275,97,2742,1372,30826689
1275,97,2742,1372,30826689
1275,97,2742,1372,30826689
1277,97,2742,1374,30860408
1278,97,2743,1375,30879195
1280,97,2743,1377,30919869
1281,97,2744,1378,30946951
1281,97,2744,1378,30946951
1281,97,2744,1378,30946951
1282,97,2745,1379,30966217
1284,97,2745,1381,31006369
1285,97,2746,1382,31037433
1286,97,2746,1383,31073608
1288,97,2746,1385,31107327
1289,97,2747,1386,31126114
1290,97,2747,1387,31145606
1290,97,2747,1387,31145606
1290,97,2747,1387,31145606
1290,97,2747,1387,31145606
1290,97,2747,1387,31145606
1290,97,2747,1387,31145606
1290,97,2747,1387,31145606
1290,97,2749,1387,31145606
1290,97,2751,1387,31145606
1290,97,2753,1387,31145606
1290,97,2755,1387,31145606
1290,97,2757,1387,31145606
1290,97,2759,1387,31145606
1290,97,2761,1387,31145606
1290,97,2763,1387,31145606
1290,97,2765,1387,31145606
1290,97,2767,1387,31145606
1290,97,2769,1387,31145606
1290,97,2771,1387,31145606
1290,97,2773,1387,31145606
1290,97,2775,1387,31145606
1290,97,2777,1387,31145606
1290,97,2779,1387,31145606
1290,97,2781,1387,31145606
1292,97,2781,1389,31183507
1292,97,2781,1389,31183507
1294,97,2781,1391,31225157
1296,97,2781,1393,31253108
1296,97,2783,1393,31253108
1296,97,2785,1393,31253108
1296,97,2787,1393,31253108
1296,97,2789,1393,31253108
1296,97,2791,1393,31253108
1296,97,2793,1393,31253108
1296,97,2795,1393,31253108
1296,97,2797,1393,31253108
1296,97,2799,1393,31253108
1296,97,2801,1393,31253108
1297,97,2802,1394,31289559
1298,97,2802,1395,31312372
1298,97,2802,1395,31312372
1298,97,2802,1395,31312372
1298,97,2802,1395,31312372
1299,97,2803,1396,31342542
1301,97,2803,1398,31382694
1301,97,2805,1398,31382694
1301,97,2807,1398,31382694
1301,97,2809,1398,31382694
1301,97,2811,1398,31382694
1302,97,2812,1399,31412864
1303,97,2813,1400,31449039
1304,97,2814,1401,31480103
1304,97,2816,1401,31480103
1305,97,2817,1402,31504602
1306,97,2817,1403,31538954
1307,97,2818,1404,31570629
1308,97,2818,1405,31592356
1308,97,2818,1405,31592356
1308,97,2818,1405,31592356
1308,97,2820,1405,31592356
1308,97,2822,1405,31592356
1308,97,2823,1405,31592356
1309,97,2824,1406,31617537
1310,97,2824,1407,31643040
1311,97,2824,1408,31668073
1311,97,2826,1408,31668073
1311,97,2828,1408,31668073
1311,97,2830,1408,31668073
1311,97,2832,1408,31668073
1312,97,2832,1409,31690980
1312,97,2834,1409,31690980
1312,97,2835,1409,31690980
1312,97,2835,1409,31690980
1312,97,2835,1409,31690980
1312,97,2835,1409,31690980
1312,97,2835,1409,31690980
1313,97,2836,1410,31713509
1314,97,2837,1411,31737831
1315,97,2838,1412,31762052
1316,97,2838,1413,31784708
1316,97,2840,1413,31784708
1316,97,2842,1413,31784708
1316,97,2842,1413,31784708
1316,97,2842,1413,31784708
1317,97,2843,1414,31814878
1317,97,2845,1414,31814878
1317,97,2847,1414,31814878
1317,97,2849,1414,31814878
1318,97,2850,1415,31834915
1319,97,2850,1416,31849324
1319,97,2850,1416,31849324
1319,97,2850,1416,31849324
1321,97,2850,1418,31877372
1322,97,2851,1419,31901694
1323,97,2851,1420,31933831
1324,97,2851,1421,31957200
1324,97,2851,1421,31957200
1325,97,2852,1422,31988169
1326,97,2853,1423,32007661
1326,97,2855,1423,32007661
1327,97,2856,1424,32027940
1328,97,2857,1425,32062337
1329,97,2857,1426,32086881
1330,97,2857,1427,32106624
1331,97,2858,1428,32125411
1332,97,2858,1429,32150428
1332,97,2858,1429,32150428
1332,97,2860,1429,32150428
1333,97,2860,1430,32169920
1333,97,2862,1430,32169920
1333,97,2864,1430,32169920
1333,97,2866,1430,32169920
1335,97,2866,1432,32203639
1336,97,2867,1433,32228820
1337,97,2867,1434,32253018
1337,97,2869,1434,32253018
1337,97,2871,1434,32253018
1337,97,2873,1434,32253018
1337,97,2875,1434,32253018
1337,97,2877,1434,32253018
1337,97,2879,1434,32253018
1337,97,2881,1434,32253018
1337,97,2883,1434,32253018
1337,97,2885,1434,32253018
1337,97,2887,1434,32253018
1337,97,2889,1434,32253018
1337,97,2891,1434,32253018
1337,97,2893,1434,32253018
1338,97,2894,1435,32287415
1338,97,2894,1435,32287415
1338,97,2894,1435,32287415
1338,97,2894,1435,32287415
1338,97,2894,1435,32287415
1338,97,2896,1435,32287415
1340,97,2896,1437,32325921
1341,97,2896,1438,32356211
1343,97,2896,1440,32378547
1344,97,2896,1441,32403564
1344,97,2896,1441,32403564
1345,97,2897,1442,32430261
1345,97,2899,1442,32430261
1345,97,2901,1442,32430261
1345,97,2902,1442,32430261
1347,97,2902,1444,32468162
1347,97,2902,1444,32468162
1347,97,2902,1444,32468162
1347,97,2902,1444,32468162
1347,97,2902,1444,32468162
1347,97,2902,1444,32468162
1347,97,2902,1444,32468162
1348,97,2903,1445,32495244
1349,97,2903,1446,32527915
1349,97,2903,1446,32527915
1349,97,2903,1446,32527915
1349,97,2903,1446,32527915
1349,97,2903,1446,32527915
1349,97,2905,1446,32527915
1349,97,2906,1446,32527915
1349,97,2906,1446,32527915
1349,97,2908,1446,32527915
1349,97,2908,1446,32527915
1349,97,2910,1446,32527915
1349,97,2911,1446,32527915
1349,97,2911,1446,32527915
1349,97,2911,1446,32527915
1349,97,2911,1446,32527915
1350,97,2912,1447,32566016
1350,97,2912,1447,32566016
1350,97,2912,1447,32566016
1350,97,2912,1447,32566016
1350,97,2912,1447,32566016
1350,97,2914,1447,32566016
1350,97,2915,1447,32566016
1350,97,2915,1447,32566016
1351,97,2916,1448,32600973
1352,97,2916,1449,32623665
1352,97,2916,1449,32623665
1352,97,2916,1449,32623665
1352,97,2916,1449,32623665
1352,97,2918,1449,32623665
1352,97,2920,1449,32623665
1352,97,2922,1449,32623665
1354,97,2922,1451,32661611
1355,97,2922,1452,32681354
1356,97,2923,1453,32702590
1358,97,2923,1455,32726176
1359,97,2924,1456,32760573
1360,97,2924,1457,32781463
1361,97,2924,1458,32802016
1363,97,2924,1460,32839962
1364,97,2925,1461,32874314
1365,97,2925,1462,32895550
1367,97,2925,1464,32919136
1368,97,2925,1465,32943538
1369,97,2926,1466,32980141
1370,97,2926,1467,33006838
1370,97,2926,1467,33006838
1370,97,2926,1467,33006838
1370,97,2926,1467,33006838
1370,97,2928,1467,33006838
1371,97,2928,1468,33026330
1371,97,2930,1468,33026330
1373,97,2930,1470,33067004
1374,97,2930,1471,33086270
1374,97,2930,1471,33086270
1376,97,2930,1473,33109856
1377,97,2930,1474,33134258
1378,97,2931,1475,33158757
1379,97,2931,1476,33184011
1380,97,2931,1477,33206918
1380,97,2931,1477,33206918
1380,97,2933,1477,33206918
1380,97,2933,1477,33206918
1380,97,2933,1477,33206918
1380,97,2933,1477,33206918
1380,97,2935,1477,33206918
1381,97,2936,1478,33230691
1382,97,2936,1479,33255493
1384,97,2936,1481,33280755
1385,97,2937,1482,33307452
1385,97,2937,1482,33307452
1385,97,2937,1482,33307452
1387,97,2937,1484,33331038
1388,97,2938,1485,33361208
1388,97,2940,1485,33361208
1389,97,2941,1486,33375617
1391,97,2941,1488,33413563
1392,97,2941,1489,33433306
1392,97,2941,1489,33433306
1393,97,2942,1490,33453343
1394,97,2942,1491,33478846
1396,97,2942,1493,33506168
1397,97,2942,1494,33535726
1397,97,2942,1494,33535726
1397,97,2942,1494,33535726
1397,97,2942,1494,33535726
1398,97,2943,1495,33565896
1399,97,2944,1496,33590218
1400,97,2944,1497,33621534
1401,97,2945,1498,33645755
1401,97,2947,1498,33645755
1401,97,2949,1498,33645755
1402,97,2950,1499,33682358
1403,97,2950,1500,33703909
1405,97,2950,1502,33752320
1406,97,2951,1503,33777122
1407,97,2952,1504,33806796
1407,97,2952,1504,33806796
1407,97,2952,1504,33806796
1409,97,2952,1506,33829132
1409,97,2952,1506,33829132
1409,97,2952,1506,33829132
1409,97,2954,1506,33829132
1409,97,2956,1506,33829132
1410,97,2957,1507,33859302
1412,97,2957,1509,33887173
1412,97,2957,1509,33887173
1412,97,2957,1509,33887173
1412,97,2957,1509,33887173
1412,97,2957,1509,33887173
1413,97,2958,1510,33917343
1414,97,2958,1511,33942556
1416,97,2958,1513,33966142
1417,97,2958,1514,33990544
1417,97,2958,1514,33990544
1417,97,2958,1514,33990544
1418,97,2959,1515,34020714
1418,97,2961,1515,34020714
1418,97,2961,1515,34020714
1418,97,2961,1515,34020714
1418,97,2963,1515,34020714
1418,97,2963,1515,34020714
1420,97,2963,1517,34060866
1420,97,2963,1517,34060866
1420,97,2963,1517,34060866
1420,97,2963,1517,34060866
1420,97,2963,1517,34060866
1420,97,2963,1517,34060866
1420,97,2963,1517,34060866
1421,97,2964,1518,34087563
1421,97,2964,1518,34087563
1422,97,2965,1519,34117733
1424,97,2965,1521,34159383
1426,97,2965,1523,34193102
1427,97,2965,1524,34218477
1428,97,2966,1525,34242250
1429,97,2966,1526,34267052
1429,97,2966,1526,34267052
1429,97,2966,1526,34267052
1431,97,2966,1528,34300771
1432,97,2967,1529,34332446
1433,97,2967,1530,34354173
1433,97,2967,1530,34354173
1433,97,2967,1530,34354173
1433,97,2967,1530,34354173
1435,97,2967,1532,34387892
1436,97,2967,1533,34418956
1436,97,2967,1533,34418956
1436,97,2967,1533,34418956
1437,97,2968,1534,34457057
1437,97,2968,1534,34457057
1437,97,2968,1534,34457057
1437,97,2968,1534,34457057
1437,97,2968,1534,34457057
1437,97,2970,1534,34457057
1439,97,2970,1536,34490776
1439,97,2972,1536,34490776
1439,97,2974,1536,34490776
1439,97,2976,1536,34490776
1439,97,2978,1536,34490776
1439,97,2980,1536,34490776
1439,97,2982,1536,34490776
1439,97,2984,1536,34490776
1439,97,2986,1536,34490776
1439,97,2988,1536,34490776
1439,97,2990,1536,34490776
1439,97,2992,1536,34490776
1439,97,2994,1536,34490776
1439,97,2996,1536,34490776
1439,97,2998,1536,34490776
1439,97,3000,1536,34490776
1439,97,3002,1536,34490776
1439,97,3004,1536,34490776
1439,97,3006,1536,34490776
1439,97,3008,1536,34490776
1439,97,3008,1536,34490776
1441,97,3008,1538,34510167
1443,97,3008,1540,34550319
1444,97,3008,1541,34571870
1444,97,3008,1541,34571870
1444,97,3008,1541,34571870
1444,97,3008,1541,34571870
1445,97,3009,1542,34590657
1446,97,3009,1543,34610149
1446,97,3009,1543,34610149
1446,97,3009,1543,34610149
1446,97,3009,1543,34610149
1446,97,3009,1543,34610149
1448,97,3009,1545,34650301
1448,97,3011,1545,34650301
1448,97,3013,1545,34650301
1448,97,3015,1545,34650301
1449,97,3015,1546,34676998
1449,97,3015,1546,34676998
1449,97,3015,1546,34676998
1449,97,3015,1546,34676998
1451,97,3015,1548,34710717
1452,97,3015,1549,34736092
1453,97,3015,1550,34763524
1454,97,3016,1551,34787297
1455,97,3016,1552,34812099
1457,97,3016,1554,34839421
1458,97,3016,1555,34864223
1459,97,3017,1556,34899180
1460,97,3017,1557,34921872
1461,97,3017,1558,34945005
1463,97,3017,1560,34985157
1464,97,3018,1561,35014831
1464,97,3020,1561,35014831
1464,97,3022,1561,35014831
1465,97,3023,1562,35045001
1466,97,3024,1563,35068774
1467,97,3024,1564,35093576
1467,97,3026,1564,35093576
1467,97,3028,1564,35093576
1469,97,3028,1566,35124557
1471,97,3028,1568,35158276
1472,97,3029,1569,35182775
1473,97,3029,1570,35208029
1474,97,3029,1571,35230936
1474,97,3029,1571,35230936
1474,97,3029,1571,35230936
1474,97,3029,1571,35230936
1474,97,3029,1571,35230936
1474,97,3029,1571,35230936
1476,97,3029,1573,35258807
1477,97,3029,1574,35284959
1479,97,3029,1576,35313007
1480,97,3029,1577,35341077
1481,97,3030,1578,35379178
1482,97,3031,1579,35409348
1482,97,3033,1579,35409348
1484,97,3033,1581,35443067
1485,97,3034,1582,35467388
1485,97,3034,1582,35467388
1486,97,3035,1583,35494820
1487,97,3036,1584,35513607
1488,97,3036,1585,35533099
1490,97,3036,1587,35571045
1491,97,3036,1588,35590788
1492,97,3037,1589,35615190
1493,97,3038,1590,35633977
1494,97,3038,1591,35658994
1495,97,3039,1592,35684175
1496,97,3039,1593,35709678
1497,97,3039,1594,35734711
1498,97,3039,1595,35760487
1499,97,3040,1596,35780524
1500,97,3040,1597,35804926
1500,97,3042,1597,35804926
1500,97,3043,1597,35804926
1500,97,3044,1597,35804926
1500,97,3046,1597,35804926
1500,97,3047,1597,35804926
1501,97,3047,1598,35819335
1502,97,3048,1599,35844838
1502,98,3048,1600,35860821
1502,98,3048,1600,35860821
1502,98,3048,1600,35860821
1504,98,3048,1602,35888143
1505,98,3048,1603,35912945
1506,98,3049,1604,35932982
1507,98,3049,1605,35958485
1507,98,3051,1605,35958485
1509,98,3051,1607,35998637
1509,98,3053,1607,35998637
1509,98,3055,1607,35998637
1509,98,3057,1607,35998637
1509,98,3059,1607,35998637
1509,98,3060,1607,35998637
1509,98,3060,1607,35998637
1509,98,3060,1607,35998637
1509,98,3060,1607,35998637
1511,98,3060,1609,36032356
1511,98,3062,1609,36032356
1511,98,3062,1609,36032356
1511,98,3064,1609,36032356
1512,98,3065,1610,36051143
1512,98,3067,1610,36051143
1512,98,3069,1610,36051143
1512,98,3071,1610,36051143
1512,98,3073,1610,36051143
1512,98,3075,1610,36051143
1512,98,3077,1610,36051143
1512,98,3077,1610,36051143
1512,98,3077,1610,36051143
1512,98,3079,1610,36051143
1512,98,3081,1610,36051143
1512,98,3081,1610,36051143
1512,98,3081,1610,36051143
1512,98,3083,1610,36051143
1513,98,3084,1611,36071180
1514,98,3084,1612,36095582
1516,98,3084,1614,36119168
1517,98,3084,1615,36143570
1518,98,3085,1616,36168069
1519,98,3085,1617,36193323
1520,98,3085,1618,36216230
1520,98,3085,1618,36216230
1522,98,3085,1620,36254736
1523,98,3085,1621,36285026
1524,98,3086,1622,36305063
1525,98,3086,1623,36330566
1525,98,3086,1623,36330566
1526,98,3087,1624,36354339
1527,98,3087,1625,36379141
1529,98,3087,1627,36402727
1530,98,3087,1628,36427129
1530,98,3089,1628,36427129
1530,98,3089,1628,36427129
1530,98,3089,1628,36427129
1531,98,3090,1629,36457299
1533,98,3090,1631,36491018
1533,98,3090,1631,36491018
1533,98,3092,1631,36491018
1533,98,3092,1631,36491018
1533,98,3092,1631,36491018
1533,98,3092,1631,36491018
1533,98,3092,1631,36491018
1533,98,3092,1631,36491018
1533,98,3094,1631,36491018
1533,98,3096,1631,36491018
1533,98,3098,1631,36491018
1533,98,3098,1631,36491018
1534,98,3099,1632,36509805
1535,98,3099,1633,36534822
1535,98,3099,1633,36534822
1535,98,3099,1633,36534822
1535,98,3099,1633,36534822
1535,98,3099,1633,36534822
1535,98,3099,1633,36534822
1535,98,3099,1633,36534822
1535,98,3101,1633,36534822
1535,98,3101,1633,36534822
1535,98,3101,1633,36534822
1535,98,3101,1633,36534822
1535,98,3101,1633,36534822
1535,98,3101,1633,36534822
1535,98,3101,1633,36534822
1535,98,3101,1633,36534822
1535,98,3101,1633,36534822
1536,98,3102,1634,36558595
1537,98,3102,1635,36583397
1537,98,3104,1635,36583397
1537,98,3104,1635,36583397
1537,98,3104,1635,36583397
1537,98,3106,1635,36583397
1537,98,3108,1635,36583397
1537,98,3110,1635,36583397
1537,98,3112,1635,36583397
1537,98,3112,1635,36583397
1537,98,3112,1635,36583397
1538,98,3113,1636,36605111
1538,98,3115,1636,36605111
1538,98,3117,1636,36605111
1538,98,3119,1636,36605111
1538,98,3121,1636,36605111
1538,98,3123,1636,36605111
1538,98,3125,1636,36605111
1538,98,3127,1636,36605111
1538,98,3129,1636,36605111
1538,98,3131,1636,36605111
1538,98,3131,1636,36605111
1538,98,3131,1636,36605111
1538,98,3131,1636,36605111
1538,98,3131,1636,36605111
1538,98,3131,1636,36605111
1538,98,3131,1636,36605111
1538,98,3133,1636,36605111
1538,98,3133,1636,36605111
1538,98,3135,1636,36605111
1538,98,3137,1636,36605111
1538,98,3139,1636,36605111
1538,98,3141,1636,36605111
1538,98,3143,1636,36605111
1538,98,3145,1636,36605111
1538,98,3147,1636,36605111
1538,98,3149,1636,36605111
1538,98,3151,1636,36605111
1538,98,3153,1636,36605111
1538,98,3155,1636,36605111
1538,98,3157,1636,36605111
1539,98,3158,1637,36631808
1541,98,3158,1639,36659130
1542,98,3158,1640,36683932
1543,98,3159,1641,36714102
1543,98,3161,1641,36714102
1543,98,3163,1641,36714102
1543,98,3165,1641,36714102
1543,98,3167,1641,36714102
1543,98,3169,1641,36714102
1543,98,3171,1641,36714102
1543,98,3173,1641,36714102
1543,98,3175,1641,36714102
1543,98,3177,1641,36714102
1543,98,3179,1641,36714102
1543,98,3181,1641,36714102
1543,98,3183,1641,36714102
1544,98,3184,1642,36733405
1544,98,3186,1642,36733405
1544,98,3188,1642,36733405
1545,98,3189,1643,36770530
1545,98,3190,1643,36770530
1545,98,3190,1643,36770530
1545,98,3192,1643,36770530
1545,98,3194,1643,36770530
1545,98,3196,1643,36770530
1545,99,3196,1644,36790632
1547,99,3196,1646,36824351
1549,99,3196,1648,36858070
1551,99,3196,1650,36881656
1552,99,3197,1651,36918259
1553,99,3197,1652,36944956
1555,99,3197,1654,36968542
1556,99,3198,1655,36998712
1557,99,3199,1656,37035315
1558,99,3199,1657,37062012
1558,99,3199,1657,37062012
1560,99,3199,1659,37102164
1561,99,3199,1660,37131838
1561,99,3199,1660,37131838
1561,99,3199,1660,37131838
1561,99,3199,1660,37131838
1561,99,3199,1660,37131838
1561,99,3199,1660,37131838
1561,99,3199,1660,37131838
1562,99,3200,1661,37162008
1563,99,3200,1662,37187383
1564,99,3200,1663,37214815
1564,99,3200,1663,37214815
1564,99,3200,1663,37214815
1564,99,3200,1663,37214815
1564,99,3200,1663,37214815
1564,99,3200,1663,37214815
1565,99,3201,1664,37234307
1565,99,3203,1664,37234307
1565,99,3205,1664,37234307
1565,99,3207,1664,37234307
1566,99,3208,1665,37253094
1566,99,3210,1665,37253094
1566,99,3212,1665,37253094
1566,99,3214,1665,37253094
1566,99,3216,1665,37253094
1566,99,3218,1665,37253094
1566,99,3220,1665,37253094
1566,99,3222,1665,37253094
1566,99,3224,1665,37253094
1566,99,3226,1665,37253094
1566,99,3228,1665,37253094
1568,99,3228,1667,37275430
1569,99,3228,1668,37300447
1569,99,3228,1668,37300447
1569,99,3228,1668,37300447
1569,99,3228,1668,37300447
1569,99,3228,1668,37300447
1569,99,3228,1668,37300447
1569,99,3228,1668,37300447
1569,99,3228,1668,37300447
1570,99,3229,1669,37330617
1571,99,3229,1670,37361681
1572,99,3229,1671,37397856
1572,99,3229,1671,37397856
1572,99,3229,1671,37397856
1572,99,3229,1671,37397856
1574,99,3229,1673,37431575
1574,99,3229,1673,37431575
1574,99,3229,1673,37431575
1575,99,3230,1674,37450362
1576,99,3230,1675,37469854
1576,99,3230,1675,37469854
1576,99,3230,1675,37469854
1577,99,3231,1676,37501529
1577,99,3233,1676,37501529
1579,99,3233,1678,37540035
1580,99,3234,1679,37573101
1582,99,3234,1681,37595437
1582,99,3236,1681,37595437
1583,99,3237,1682,37620454
1583,99,3239,1682,37620454
1584,99,3240,1683,37650624
1585,99,3240,1684,37675999
1585,99,3242,1684,37675999
1585,99,3242,1684,37675999
1587,99,3242,1686,37704729
1588,99,3242,1687,37730232
1589,99,3243,1688,37755265
1590,99,3244,1689,37792390
1591,99,3244,1690,37815108
1592,99,3244,1691,37840476
1594,99,3244,1693,37867798
1595,99,3244,1694,37892600
1596,99,3245,1695,37929203
1597,99,3245,1696,37950754
1598,99,3245,1697,37977451
1598,99,3247,1697,37977451
1599,99,3248,1698,37999165
1600,99,3249,1699,38029335
1601,99,3249,1700,38054710
1602,99,3249,1701,38082142
1604,99,3249,1703,38110493
1606,99,3249,1705,38145011
1606,99,3249,1705,38145011
1606,99,3249,1705,38145011
1607,99,3250,1706,38165048
1607,99,3252,1706,38165048
1607,99,3254,1706,38165048
1607,99,3254,1706,38165048
1607,99,3254,1706,38165048
1607,99,3256,1706,38165048
1607,99,3257,1706,38165048
1607,99,3259,1706,38165048
1607,99,3260,1706,38165048
1607,99,3262,1706,38165048
1607,99,3263,1706,38165048
1607,99,3265,1706,38165048
1607,99,3266,1706,38165048
1609,99,3266,1708,38195294
1610,99,3267,1709,38219696
1612,99,3267,1711,38243282
1613,99,3267,1712,38267684
1614,99,3268,1713,38297854
1614,99,3270,1713,38297854
1614,99,3272,1713,38297854
1614,99,3274,1713,38297854
1614,99,3276,1713,38297854
1614,99,3278,1713,38297854
1614,99,3280,1713,38297854
1614,99,3280,1713,38297854
1614,99,3280,1713,38297854
1614,99,3282,1713,38297854
1614,99,3284,1713,38297854
1614,99,3286,1713,38297854
1614,99,3286,1713,38297854
1614,99,3288,1713,38297854
1614,100,3290,1714,38321735
1614,100,3290,1714,38321735
1614,100,3290,1714,38321735
1614,100,3292,1714,38321735
1616,100,3292,1716,38355454
1617,100,3293,1717,38375491
1618,100,3293,1718,38399893
1619,100,3294,1719,38423666
1620,100,3294,1720,38448468
1622,100,3294,1722,38472054
1623,100,3294,1723,38486463
1623,100,3294,1723,38486463
1624,100,3295,1724,38516633
1626,100,3295,1726,38550352
1627,100,3296,1727,38582027
1627,100,3296,1727,38582027
1628,100,3297,1728,38618936
1630,100,3297,1730,38652655
1630,100,3299,1730,38652655
1630,100,3301,1730,38652655
1630,100,3303,1730,38652655
1631,100,3304,1731,38672692
1632,100,3304,1732,38687101
1632,100,3306,1732,38687101
1632,100,3308,1732,38687101
1632,100,3310,1732,38687101
1632,100,3312,1732,38687101
1632,100,3314,1732,38687101
1632,100,3316,1732,38687101
1632,100,3318,1732,38687101
1632,100,3320,1732,38687101
1632,100,3322,1732,38687101
1632,100,3324,1732,38687101
1632,100,3326,1732,38687101
1632,100,3328,1732,38687101
1632,100,3330,1732,38687101
1632,100,3332,1732,38687101
1632,100,3334,1732,38687101
1632,100,3336,1732,38687101
1632,100,3338,1732,38687101
1632,100,3340,1732,38687101
1632,100,3342,1732,38687101
1632,100,3344,1732,38687101
1632,100,3346,1732,38687101
