server cache hits, server cache misses, client cache hits, client cache misses, bandwith
0,2,0,2,72586
0,3,0,3,76278
0,3,0,3,76278
0,3,0,3,76278
0,4,1,4,97989
0,5,1,5,129407
1,6,1,7,200603
1,6,1,7,200603
2,6,2,8,222313
3,6,2,9,253730
4,6,3,10,290003
4,7,3,11,294804
4,8,3,12,311656
4,8,3,12,311656
4,8,3,12,311656
4,8,3,12,311656
4,8,3,12,311656
4,8,3,12,311656
6,8,3,14,369669
6,8,3,14,369669
7,8,5,15,401086
8,8,6,16,435970
8,8,6,16,435970
8,8,6,16,435970
8,8,6,16,435970
8,8,6,16,435970
8,8,6,16,435970
8,8,6,16,435970
8,8,8,16,435970
8,8,9,16,435970
9,9,9,18,493251
9,10,9,19,521636
9,12,9,21,564250
9,13,10,22,596518
10,14,10,24,664883
10,15,10,25,687763
10,16,10,26,693494
10,16,10,26,693494
10,16,10,26,693494
10,17,11,27,715305
10,18,11,28,751732
10,19,11,29,771668
10,19,11,29,771668
10,19,11,29,771668
10,19,11,29,771668
11,20,11,31,839599
11,21,12,32,873448
11,21,12,32,873448
11,21,14,32,873448
11,21,16,32,873448
11,21,16,32,873448
11,21,16,32,873448
11,21,16,32,873448
11,22,17,33,906942
11,22,17,33,906942
11,22,17,33,906942
11,22,19,33,906942
11,22,19,33,906942
11,22,21,33,906942
11,22,21,33,906942
11,22,21,33,906942
11,22,23,33,906942
11,22,23,33,906942
11,22,23,33,906942
11,22,23,33,906942
11,22,23,33,906942
11,22,25,33,906942
11,22,25,33,906942
11,22,25,33,906942
11,22,25,33,906942
12,23,25,35,967043
13,23,26,36,988753
15,23,26,38,1046766
15,23,26,38,1046766
15,23,26,38,1046766
15,23,26,38,1046766
16,23,26,39,1083069
18,23,26,41,1152865
18,24,26,42,1173275
18,25,26,43,1196942
18,25,26,43,1196942
18,25,30,43,1196942
18,25,30,43,1196942
18,25,30,43,1196942
18,25,30,43,1196942
18,25,30,43,1196942
18,25,30,43,1196942
19,25,31,44,1220739
19,25,31,44,1220739
19,25,31,44,1220739
19,25,31,44,1220739
20,26,31,46,1292107
20,27,31,47,1297718
20,27,31,47,1297718
20,27,31,47,1297718
22,27,31,49,1370294
23,27,31,50,1375094
24,27,32,51,1409978
24,27,32,51,1409978
24,27,32,51,1409978
28,27,32,55,1504205
28,27,36,55,1504205
28,27,40,55,1504205
28,27,44,55,1504205
28,27,48,55,1504205
28,27,51,55,1504205
28,27,54,55,1504205
28,27,58,55,1504205
28,27,62,55,1504205
28,27,66,55,1504205
28,27,70,55,1504205
28,27,74,55,1504205
28,27,78,55,1504205
28,27,80,55,1504205
29,27,81,56,1536465
29,28,81,57,1541916
29,28,81,57,1541916
31,28,81,59,1599929
31,29,81,60,1609438
31,29,81,60,1609438
31,29,84,60,1609438
31,30,85,61,1644018
31,30,85,61,1644018
31,30,85,61,1644018
31,30,85,61,1644018
33,30,85,63,1702031
34,30,85,64,1733448
34,31,85,65,1748131
34,31,85,65,1748131
35,31,86,66,1771928
35,32,86,67,1795359
37,32,86,69,1853372
38,32,86,70,1884789
39,32,86,71,1899471
39,32,86,71,1899471
40,32,87,72,1923268
41,32,87,73,1946698
41,33,87,74,1960072
42,33,87,75,1996375
42,33,87,75,1996375
42,33,88,75,1996375
42,33,88,75,1996375
42,33,88,75,1996375
42,33,88,75,1996375
42,33,88,75,1996375
43,33,89,76,2030215
43,33,90,76,2030215
43,33,90,76,2030215
43,33,91,76,2030215
43,33,91,76,2030215
43,33,92,76,2030215
43,33,92,76,2030215
43,33,92,76,2030215
43,33,93,76,2030215
44,35,94,79,2100694
46,35,94,81,2168617
46,36,94,82,2209334
47,36,95,83,2245607
48,36,95,84,2250407
49,36,95,85,2267258
49,36,95,85,2267258
49,36,95,85,2267258
49,36,95,85,2267258
49,36,95,85,2267258
49,36,95,85,2267258
49,36,97,85,2267258
49,36,98,85,2267258
49,36,99,85,2267258
49,36,99,85,2267258
49,36,99,85,2267258
49,36,99,85,2267258
49,36,99,85,2267258
49,36,99,85,2267258
52,36,99,88,2344634
54,36,99,90,2404734
55,36,99,91,2428164
55,36,102,91,2428164
55,36,105,91,2428164
55,37,106,92,2451193
55,38,106,93,2470304
55,39,106,94,2494593
55,39,110,94,2494593
57,39,110,96,2552606
58,39,112,97,2584023
58,39,115,97,2584023
58,39,118,97,2584023
58,39,121,97,2584023
58,39,124,97,2584023
58,39,127,97,2584023
58,39,130,97,2584023
59,39,130,98,2598705
59,39,130,98,2598705
59,39,130,98,2598705
59,39,130,98,2598705
60,39,131,99,2634978
61,40,131,101,2706589
61,40,131,101,2706589
61,40,131,101,2706589
63,40,132,103,2744299
63,40,135,103,2744299
63,40,135,103,2744299
63,40,135,103,2744299
65,40,135,105,2802312
66,40,135,106,2833729
67,40,136,107,2856757
67,41,136,108,2874944
67,42,136,109,2890212
67,42,136,109,2890212
67,42,136,109,2890212
68,42,137,110,2911189
68,42,139,110,2911189
68,42,140,110,2911189
68,42,141,110,2911189
68,42,141,110,2911189
68,42,141,110,2911189
71,42,141,113,2985202
71,42,144,113,2985202
72,42,145,114,3020509
72,42,145,114,3020509
72,42,145,114,3020509
72,42,147,114,3020509
72,42,149,114,3020509
72,42,151,114,3020509
74,42,151,116,3093085
74,45,152,119,3166463
78,45,152,123,3270575
78,45,156,123,3270575
78,45,160,123,3270575
78,45,164,123,3270575
78,45,168,123,3270575
78,45,172,123,3270575
78,45,176,123,3270575
78,45,180,123,3270575
78,45,184,123,3270575
78,45,188,123,3270575
78,45,192,123,3270575
78,45,196,123,3270575
78,45,200,123,3270575
78,45,204,123,3270575
78,45,207,123,3270575
78,45,211,123,3270575
78,45,215,123,3270575
78,45,219,123,3270575
78,45,223,123,3270575
78,45,227,123,3270575
78,45,230,123,3270575
78,45,233,123,3270575
80,45,233,125,3328588
81,45,233,126,3360005
82,45,234,127,3383033
83,45,234,128,3401219
84,45,234,129,3416486
84,45,236,129,3416486
84,45,237,129,3416486
84,45,239,129,3416486
84,45,240,129,3416486
84,45,241,129,3416486
86,45,241,131,3475817
86,46,243,132,3484072
86,46,243,132,3484072
86,46,245,132,3484072
86,46,246,132,3484072
86,46,248,132,3484072
87,46,249,133,3505782
88,46,249,134,3537199
91,46,249,137,3614716
92,46,249,138,3629983
92,46,249,138,3629983
92,46,249,138,3629983
94,46,249,140,3690083
95,46,249,141,3713513
95,47,250,142,3734565
95,48,250,143,3758846
95,48,250,143,3758846
95,48,250,143,3758846
95,48,250,143,3758846
95,48,250,143,3758846
97,48,250,145,3818946
98,48,250,146,3842376
99,48,251,147,3865404
100,48,251,148,3884514
101,48,251,149,3908802
101,48,251,149,3908802
101,48,251,149,3908802
101,48,251,149,3908802
101,48,255,149,3908802
101,48,255,149,3908802
103,48,255,151,3966156
104,48,255,152,3990436
104,48,255,152,3990436
104,48,255,152,3990436
104,49,256,153,4017323
104,50,256,154,4033083
104,50,256,154,4033083
104,50,256,154,4033083
104,50,259,154,4033083
104,50,259,154,4033083
104,50,259,154,4033083
104,50,262,154,4033083
104,50,262,154,4033083
104,50,265,154,4033083
104,50,268,154,4033083
104,50,268,154,4033083
104,50,268,154,4033083
104,50,268,154,4033083
106,50,268,156,4093183
107,50,268,157,4116613
108,50,269,158,4139641
109,50,269,159,4157827
110,50,269,160,4173094
110,50,269,160,4173094
112,50,269,162,4244281
112,50,269,162,4244281
112,50,269,162,4244281
112,50,269,162,4244281
112,50,269,162,4244281
112,50,269,162,4244281
113,50,270,163,4265991
114,50,270,164,4297408
116,50,270,166,4354688
117,50,270,167,4383072
119,50,270,169,4425684
120,50,271,170,4448712
120,50,273,170,4448712
120,50,275,170,4448712
120,50,277,170,4448712
121,51,277,172,4503947
121,51,277,172,4503947
121,51,277,172,4503947
122,51,278,173,4526975
123,51,278,174,4545161
124,51,278,175,4560428
125,51,279,176,4582138
125,51,279,176,4582138
129,51,279,180,4686250
129,51,283,180,4686250
129,51,287,180,4686250
129,51,291,180,4686250
129,51,295,180,4686250
129,51,299,180,4686250
129,51,303,180,4686250
129,51,307,180,4686250
129,51,311,180,4686250
129,51,315,180,4686250
129,51,319,180,4686250
129,51,323,180,4686250
129,51,327,180,4686250
129,51,331,180,4686250
129,51,335,180,4686250
129,51,339,180,4686250
129,51,343,180,4686250
129,51,347,180,4686250
129,51,351,180,4686250
129,51,354,180,4686250
129,51,357,180,4686250
129,51,360,180,4686250
129,51,363,180,4686250
129,51,366,180,4686250
129,51,369,180,4686250
129,51,372,180,4686250
129,51,374,180,4686250
129,52,375,181,4715777
129,53,377,182,4722466
129,53,380,182,4722466
129,53,383,182,4722466
129,53,383,182,4722466
129,53,383,182,4722466
129,53,386,182,4722466
131,53,386,184,4779746
131,54,386,185,4801147
131,55,386,186,4816832
131,55,386,186,4816832
132,55,387,187,4851403
132,55,387,187,4851403
132,55,387,187,4851403
132,55,387,187,4851403
132,55,387,187,4851403
134,55,387,189,4910734
134,56,387,190,4926349
134,57,387,191,4954827
135,57,388,192,4976537
136,57,388,193,5007954
139,57,388,196,5097384
141,57,388,198,5155397
141,58,388,199,5189860
142,58,389,200,5210837
142,59,389,201,5236575
143,59,391,202,5267992
145,59,391,204,5340568
145,60,391,205,5344413
145,61,391,206,5348199
147,61,391,208,5406212
148,61,393,209,5437629
148,61,396,209,5437629
148,61,399,209,5437629
149,61,400,210,5460657
149,61,402,210,5460657
150,61,402,211,5496960
152,61,402,213,5554973
153,61,402,214,5586390
154,61,402,215,5601072
154,61,402,215,5601072
154,61,404,215,5601072
154,61,405,215,5601072
154,61,406,215,5601072
154,61,406,215,5601072
155,61,407,216,5630598
155,62,407,217,5639146
155,63,407,218,5656816
157,63,407,220,5729392
158,63,407,221,5734192
159,63,407,222,5751043
159,63,407,222,5751043
159,63,407,222,5751043
161,63,408,224,5798270
163,63,408,226,5855624
164,63,409,227,5877334
164,63,409,227,5877334
164,63,409,227,5877334
164,63,409,227,5877334
164,63,411,227,5877334
164,63,411,227,5877334
164,63,411,227,5877334
164,63,411,227,5877334
164,63,411,227,5877334
164,63,411,227,5877334
164,63,411,227,5877334
164,63,411,227,5877334
164,63,411,227,5877334
164,63,411,227,5877334
164,63,411,227,5877334
164,63,413,227,5877334
164,63,413,227,5877334
164,63,413,227,5877334
165,63,414,228,5912641
165,63,414,228,5912641
165,63,414,228,5912641
167,63,414,230,5984000
168,63,414,231,5989610
168,63,414,231,5989610
168,63,414,231,5989610
170,63,414,233,6058113
170,64,414,234,6072817
170,65,414,235,6092282
172,65,414,237,6151613
173,65,414,238,6169799
174,65,414,239,6185066
175,65,415,240,6206776
176,65,415,241,6241230
176,66,415,242,6263861
176,66,415,242,6263861
176,66,419,242,6263861
178,66,419,244,6321215
179,66,419,245,6345495
181,66,419,247,6403508
181,67,419,248,6413427
181,67,419,248,6413427
181,67,419,248,6413427
181,67,419,248,6413427
181,68,420,249,6445069
181,69,420,250,6458249
181,69,420,250,6458249
181,69,420,250,6458249
181,69,422,250,6458249
181,69,423,250,6458249
181,69,423,250,6458249
181,69,423,250,6458249
181,69,423,250,6458249
181,69,423,250,6458249
183,69,423,252,6516262
184,69,423,253,6547679
185,69,424,254,6568656
186,69,424,255,6590056
187,69,427,256,6605740
189,69,427,258,6663094
190,69,427,259,6687374
190,69,427,259,6687374
190,69,427,259,6687374
190,69,427,259,6687374
190,69,427,259,6687374
191,69,428,260,6706305
192,69,429,261,6730102
193,69,429,262,6753532
194,69,430,263,6775242
195,69,430,264,6806659
197,69,430,266,6866759
199,69,431,268,6919886
199,69,433,268,6919886
199,69,436,268,6919886
201,69,436,270,6977166
202,69,436,271,6998566
203,69,436,272,7014250
203,69,436,272,7014250
204,69,437,273,7035301
205,69,437,274,7059581
205,69,437,274,7059581
205,69,437,274,7059581
207,69,437,276,7117594
208,69,437,277,7149011
208,69,440,277,7149011
209,69,440,278,7163693
213,69,440,282,7267805
213,69,444,282,7267805
213,69,448,282,7267805
213,69,452,282,7267805
213,69,456,282,7267805
213,69,460,282,7267805
213,69,464,282,7267805
213,69,468,282,7267805
213,69,472,282,7267805
213,69,476,282,7267805
213,69,480,282,7267805
213,69,484,282,7267805
213,69,488,282,7267805
213,69,491,282,7267805
213,69,494,282,7267805
213,69,498,282,7267805
213,69,502,282,7267805
213,69,506,282,7267805
213,69,510,282,7267805
213,69,514,282,7267805
213,69,518,282,7267805
213,69,522,282,7267805
214,69,523,283,7304078
215,69,523,284,7308878
215,69,525,284,7308878
215,69,525,284,7308878
215,69,527,284,7308878
215,69,529,284,7308878
218,69,530,287,7377002
218,69,534,287,7377002
218,69,538,287,7377002
218,69,542,287,7377002
218,69,546,287,7377002
218,69,550,287,7377002
218,69,554,287,7377002
218,69,558,287,7377002
218,69,562,287,7377002
220,69,564,289,7413805
222,69,564,291,7486381
222,70,564,292,7491738
222,70,564,292,7491738
222,70,564,292,7491738
222,70,564,292,7491738
222,70,564,292,7491738
222,70,564,292,7491738
222,70,564,292,7491738
223,70,566,293,7496538
224,70,566,294,7513389
224,70,566,294,7513389
224,70,566,294,7513389
224,70,566,294,7513389
224,70,566,294,7513389
224,70,566,294,7513389
225,70,567,295,7546882
226,70,567,296,7567291
227,70,567,297,7590957
227,70,567,297,7590957
227,70,567,297,7590957
227,70,567,297,7590957
227,70,567,297,7590957
227,70,567,297,7590957
227,70,571,297,7590957
227,70,571,297,7590957
228,70,572,298,7617843
228,71,572,299,7634200
229,71,573,300,7666400
229,71,576,300,7666400
229,71,578,300,7666400
229,72,581,301,7687434
229,72,583,301,7687434
229,73,583,302,7713764
229,73,583,302,7713764
229,73,583,302,7713764
229,73,583,302,7713764
229,73,587,302,7713764
229,73,591,302,7713764
229,73,595,302,7713764
229,73,599,302,7713764
229,73,603,302,7713764
229,73,607,302,7713764
229,73,611,302,7713764
229,73,615,302,7713764
229,73,618,302,7713764
229,73,621,302,7713764
229,73,624,302,7713764
229,73,626,302,7713764
229,73,630,302,7713764
229,73,634,302,7713764
229,73,638,302,7713764
229,73,642,302,7713764
229,73,646,302,7713764
229,73,650,302,7713764
229,73,652,302,7713764
229,73,653,302,7713764
230,73,656,303,7730615
230,73,660,303,7730615
230,73,664,303,7730615
230,73,668,303,7730615
230,73,672,303,7730615
230,73,675,303,7730615
230,73,677,303,7730615
230,73,681,303,7730615
230,73,685,303,7730615
230,73,689,303,7730615
230,73,693,303,7730615
230,73,697,303,7730615
230,73,701,303,7730615
230,73,705,303,7730615
230,73,708,303,7730615
230,73,710,303,7730615
230,73,711,303,7730615
230,73,715,303,7730615
230,73,719,303,7730615
230,73,722,303,7730615
230,73,723,303,7730615
232,73,723,305,7788628
233,73,723,306,7798136
233,73,723,306,7798136
234,73,724,307,7833020
235,73,725,308,7868327
235,74,725,309,7876485
235,75,725,310,7888900
236,75,726,311,7918426
237,75,726,312,7925114
237,75,726,312,7925114
237,75,726,312,7925114
237,75,726,312,7925114
239,75,726,314,7997690
240,75,726,315,8002490
241,75,727,316,8025518
242,75,727,317,8043704
243,75,727,318,8058971
243,75,727,318,8058971
243,75,727,318,8058971
245,75,727,320,8122160
246,75,727,321,8137919
246,75,727,321,8137919
246,75,727,321,8137919
246,75,727,321,8137919
246,75,727,321,8137919
246,75,727,321,8137919
247,75,728,322,8171759
247,75,728,322,8171759
247,75,728,322,8171759
247,75,728,322,8171759
247,75,728,322,8171759
249,75,728,324,8244335
249,75,728,324,8244335
249,75,728,324,8244335
249,75,728,324,8244335
249,75,728,324,8244335
249,75,728,324,8244335
249,75,728,324,8244335
249,75,728,324,8244335
249,75,728,324,8244335
250,75,729,325,8278175
250,75,729,325,8278175
250,75,729,325,8278175
250,75,731,325,8278175
250,75,731,325,8278175
250,75,731,325,8278175
250,75,731,325,8278175
254,75,731,329,8382287
254,75,735,329,8382287
254,75,739,329,8382287
254,75,743,329,8382287
254,75,747,329,8382287
254,75,750,329,8382287
254,75,753,329,8382287
254,75,756,329,8382287
254,75,759,329,8382287
254,75,762,329,8382287
254,75,765,329,8382287
254,75,768,329,8382287
254,75,770,329,8382287
256,75,771,331,8423360
257,75,771,332,8440211
257,75,771,332,8440211
259,75,771,334,8500311
260,75,771,335,8523741
261,75,774,336,8537114
261,75,774,336,8537114
262,75,775,337,8573387
263,75,775,338,8578187
264,75,775,339,8595038
264,75,775,339,8595038
264,75,775,339,8595038
266,75,775,341,8653051
267,75,775,342,8684468
268,75,776,343,8708265
270,75,776,345,8780841
272,75,776,347,8840941
273,75,776,348,8864371
274,75,777,349,8886081
275,75,777,350,8917498
277,75,777,352,8977598
278,75,778,353,8999308
280,75,778,355,9057321
281,75,778,356,9091775
282,75,779,357,9128048
282,75,781,357,9128048
284,75,781,359,9199658
285,75,781,360,9207815
286,75,781,361,9220229
289,75,781,364,9309659
291,75,781,366,9368990
292,75,781,367,9387176
293,75,781,368,9402443
294,75,782,369,9424153
295,75,782,370,9455570
297,75,782,372,9528146
297,75,782,372,9528146
299,75,782,374,9586259
299,76,782,375,9621826
300,76,783,376,9643536
301,76,783,377,9674953
302,76,784,378,9709524
302,76,786,378,9709524
302,76,786,378,9709524
302,76,786,378,9709524
302,76,788,378,9709524
302,76,788,378,9709524
302,76,788,378,9709524
302,76,788,378,9709524
302,76,788,378,9709524
302,76,790,378,9709524
302,76,793,378,9709524
303,76,793,379,9724206
303,76,797,379,9724206
303,76,797,379,9724206
303,76,797,379,9724206
304,76,798,380,9759262
305,76,798,381,9764872
305,76,798,381,9764872
306,76,799,382,9801145
307,76,799,383,9805945
308,76,802,384,9822796
308,76,805,384,9822796
308,76,809,384,9822796
308,76,809,384,9822796
308,76,813,384,9822796
308,76,817,384,9822796
308,76,817,384,9822796
308,76,821,384,9822796
308,76,825,384,9822796
308,76,829,384,9822796
308,76,833,384,9822796
308,76,837,384,9822796
308,76,841,384,9822796
308,76,845,384,9822796
308,76,849,384,9822796
308,76,849,384,9822796
308,76,849,384,9822796
308,76,849,384,9822796
308,76,849,384,9822796
308,76,849,384,9822796
308,76,851,384,9822796
309,76,852,385,9856289
310,76,852,386,9876698
311,76,853,387,9897749
311,77,855,388,9923857
311,77,857,388,9923857
311,77,858,388,9923857
311,77,858,388,9923857
311,77,858,388,9923857
311,77,858,388,9923857
311,77,858,388,9923857
311,77,861,388,9923857
311,77,864,388,9923857
313,77,864,390,9983188
314,77,864,391,10001374
316,77,864,393,10072248
317,77,865,394,10104448
319,77,865,396,10172371
319,78,865,397,10182312
319,78,868,397,10182312
319,78,870,397,10182312
319,78,872,397,10182312
320,78,873,398,10204022
321,78,873,399,10238476
322,78,873,400,10261106
322,78,873,400,10261106
322,78,873,400,10261106
322,78,873,400,10261106
322,79,875,401,10289880
323,79,876,402,10313677
324,79,876,403,10337107
325,79,877,404,10360135
326,79,877,405,10379245
327,79,877,406,10403533
327,79,880,406,10403533
327,79,882,406,10403533
328,79,883,407,10435733
328,79,885,407,10435733
328,79,889,407,10435733
328,79,893,407,10435733
328,79,897,407,10435733
328,79,900,407,10435733
328,79,903,407,10435733
329,79,904,408,10470617
329,79,904,408,10470617
329,79,906,408,10470617
330,79,907,409,10492427
331,79,907,410,10512460
332,79,907,411,10541094
332,79,909,411,10541094
332,79,909,411,10541094
332,79,909,411,10541094
332,80,911,412,10556520
332,80,914,412,10556520
332,80,916,412,10556520
332,80,920,412,10556520
332,80,920,412,10556520
332,80,922,412,10556520
332,80,922,412,10556520
332,80,922,412,10556520
334,80,922,414,10627879
334,81,922,415,10631572
334,82,922,416,10636851
335,82,923,417,10673124
335,82,923,417,10673124
335,82,923,417,10673124
336,82,924,418,10709397
337,82,924,419,10714197
337,82,928,419,10714197
337,82,928,419,10714197
338,82,929,420,10748768
339,82,930,421,10783824
340,82,931,422,10815444
341,82,933,423,10856160
341,82,936,423,10856160
341,82,939,423,10856160
341,82,942,423,10856160
341,82,942,423,10856160
341,82,942,423,10856160
343,82,943,425,10909287
343,82,946,425,10909287
343,82,948,425,10909287
343,82,949,425,10909287
343,82,951,425,10909287
343,82,952,425,10909287
343,82,955,425,10909287
343,82,958,425,10909287
345,82,958,427,10967300
346,82,959,428,11003573
346,82,959,428,11003573
346,82,959,428,11003573
346,82,959,428,11003573
347,82,961,429,11038027
348,82,961,430,11060657
348,82,961,430,11060657
348,82,961,430,11060657
348,82,961,430,11060657
348,82,961,430,11060657
348,82,965,430,11060657
348,82,969,430,11060657
349,82,970,431,11095541
349,82,970,431,11095541
349,82,970,431,11095541
349,82,970,431,11095541
349,82,972,431,11095541
349,82,974,431,11095541
349,82,976,431,11095541
351,82,978,433,11141640
351,82,982,433,11141640
351,82,982,433,11141640
354,82,982,436,11234107
354,82,984,436,11234107
355,82,987,437,11256737
355,82,991,437,11256737
356,82,992,438,11288357
356,83,992,439,11297691
358,83,992,441,11370267
359,83,992,442,11375067
360,83,992,443,11391918
360,83,992,443,11391918
360,83,992,443,11391918
361,83,993,444,11413628
362,83,993,445,11445045
362,83,997,445,11445045
362,83,1001,445,11445045
362,83,1005,445,11445045
362,83,1009,445,11445045
362,83,1013,445,11445045
362,83,1017,445,11445045
362,83,1021,445,11445045
362,83,1025,445,11445045
362,83,1029,445,11445045
362,83,1033,445,11445045
362,83,1037,445,11445045
362,83,1041,445,11445045
362,83,1045,445,11445045
362,83,1049,445,11445045
362,83,1052,445,11445045
362,83,1056,445,11445045
362,83,1060,445,11445045
362,83,1064,445,11445045
362,83,1068,445,11445045
362,83,1072,445,11445045
362,83,1076,445,11445045
363,83,1077,446,11468073
364,83,1077,447,11486259
365,83,1077,448,11501526
365,83,1081,448,11501526
365,83,1085,448,11501526
365,83,1088,448,11501526
365,83,1091,448,11501526
365,83,1093,448,11501526
366,83,1093,449,11517140
367,83,1093,450,11545617
367,83,1097,450,11545617
367,83,1099,450,11545617
367,83,1099,450,11545617
369,83,1099,452,11602897
370,83,1099,453,11624297
371,83,1099,454,11639981
371,83,1099,454,11639981
372,83,1100,455,11661791
373,83,1100,456,11697349
375,83,1100,458,11755362
376,83,1100,459,11786779
376,83,1102,459,11786779
376,83,1105,459,11786779
376,83,1106,459,11786779
376,83,1109,459,11786779
376,83,1113,459,11786779
378,83,1113,461,11844792
379,83,1113,462,11876209
380,83,1114,463,11899237
381,83,1114,464,11907491
382,83,1115,465,11939691
383,83,1115,466,11974684
385,83,1115,468,12034784
386,83,1115,469,12058214
387,83,1116,470,12081242
388,83,1116,471,12099428
389,83,1116,472,12114695
389,83,1116,472,12114695
389,83,1116,472,12114695
393,83,1116,476,12219122
393,83,1120,476,12219122
393,83,1124,476,12219122
393,83,1128,476,12219122
393,83,1132,476,12219122
393,83,1135,476,12219122
393,83,1138,476,12219122
393,83,1141,476,12219122
393,83,1143,476,12219122
395,83,1144,478,12272249
398,83,1145,481,12330173
398,83,1149,481,12330173
398,83,1153,481,12330173
398,83,1157,481,12330173
398,83,1161,481,12330173
398,83,1165,481,12330173
398,83,1168,481,12330173
398,83,1170,481,12330173
398,83,1174,481,12330173
398,83,1178,481,12330173
398,83,1182,481,12330173
398,83,1186,481,12330173
398,83,1190,481,12330173
398,83,1194,481,12330173
398,83,1196,481,12330173
398,83,1197,481,12330173
398,83,1199,481,12330173
398,83,1201,481,12330173
398,83,1202,481,12330173
398,83,1204,481,12330173
398,83,1205,481,12330173
398,83,1206,481,12330173
398,83,1206,481,12330173
400,83,1206,483,12398736
401,83,1207,484,12420446
402,83,1207,485,12451863
402,83,1210,485,12451863
402,83,1213,485,12451863
402,83,1215,485,12451863
402,83,1217,485,12451863
402,83,1219,485,12451863
402,83,1221,485,12451863
402,83,1223,485,12451863
402,83,1225,485,12451863
402,83,1227,485,12451863
402,83,1229,485,12451863
402,83,1231,485,12451863
402,83,1233,485,12451863
402,83,1235,485,12451863
402,83,1237,485,12451863
402,83,1239,485,12451863
402,83,1241,485,12451863
402,83,1243,485,12451863
402,83,1245,485,12451863
402,83,1247,485,12451863
402,83,1249,485,12451863
402,83,1251,485,12451863
402,83,1253,485,12451863
402,83,1255,485,12451863
405,83,1255,488,12541293
407,83,1255,490,12600624
407,83,1255,490,12600624
408,83,1256,491,12632884
408,84,1256,492,12652581
409,84,1256,493,12688884
411,84,1256,495,12748215
412,84,1256,496,12763829
413,84,1256,497,12792306
414,84,1257,498,12821832
414,85,1257,499,12851624
414,85,1259,499,12851624
415,85,1260,500,12873334
416,85,1260,501,12904751
417,85,1261,502,12936385
417,86,1261,503,12949329
419,86,1261,505,13006609
420,86,1261,506,13034993
421,86,1261,507,13053756
421,86,1261,507,13053756
421,86,1261,507,13053756
423,86,1262,509,13094422
425,86,1262,511,13153753
426,86,1262,512,13171939
427,86,1262,513,13187206
427,86,1262,513,13187206
427,86,1262,513,13187206
428,86,1263,514,13208916
429,86,1263,515,13240333
431,86,1263,517,13300433
432,86,1263,518,13323863
433,86,1263,519,13337236
433,86,1263,519,13337236
434,86,1264,520,13358946
435,86,1264,521,13390363
437,86,1264,523,13458926
438,86,1264,524,13464376
438,86,1264,524,13464376
438,86,1264,524,13464376
438,86,1264,524,13464376
438,86,1264,524,13464376
439,86,1265,525,13485427
440,86,1265,526,13509707
440,86,1265,526,13509707
440,86,1265,526,13509707
440,86,1265,526,13509707
440,86,1265,526,13509707
440,86,1265,526,13509707
440,86,1268,526,13509707
440,86,1268,526,13509707
442,86,1268,528,13577630
443,86,1268,529,13618346
443,86,1268,529,13618346
444,86,1269,530,13642143
445,86,1269,531,13665573
447,86,1269,533,13724904
448,86,1269,534,13744014
449,86,1270,535,13764991
451,86,1270,537,13835865
451,86,1270,537,13835865
451,86,1270,537,13835865
451,86,1270,537,13835865
452,86,1271,538,13868065
452,86,1271,538,13868065
452,86,1271,538,13868065
454,86,1271,540,13927396
455,86,1271,541,13946506
456,86,1271,542,13970794
457,86,1272,543,14006101
459,86,1272,545,14076244
459,87,1272,546,14085436
460,87,1273,547,14106413
462,87,1273,549,14178989
463,87,1273,550,14184345
464,87,1275,551,14189145
466,87,1275,553,14252334
467,87,1275,554,14268690
468,87,1275,555,14289723
468,87,1275,555,14289723
468,87,1275,555,14289723
468,87,1275,555,14289723
469,87,1276,556,14310700
470,87,1276,557,14332100
471,87,1276,558,14347784
471,87,1276,558,14347784
471,87,1280,558,14347784
471,87,1284,558,14347784
471,87,1284,558,14347784
471,87,1288,558,14347784
471,87,1292,558,14347784
471,87,1296,558,14347784
471,87,1300,558,14347784
471,87,1304,558,14347784
471,87,1307,558,14347784
471,87,1310,558,14347784
471,87,1312,558,14347784
471,87,1315,558,14347784
473,87,1315,560,14413613
473,87,1315,560,14413613
473,87,1315,560,14413613
473,87,1317,560,14413613
473,87,1319,560,14413613
474,87,1319,561,14443397
474,87,1319,561,14443397
474,87,1319,561,14443397
474,87,1322,561,14443397
474,87,1322,561,14443397
474,87,1322,561,14443397
474,87,1322,561,14443397
474,87,1322,561,14443397
476,87,1322,563,14502728
477,87,1323,564,14524438
478,87,1323,565,14555855
479,87,1325,566,14574041
480,87,1328,567,14588723
480,87,1332,567,14588723
480,87,1336,567,14588723
480,87,1339,567,14588723
480,87,1341,567,14588723
480,87,1345,567,14588723
480,87,1348,567,14588723
480,87,1351,567,14588723
480,87,1354,567,14588723
480,87,1357,567,14588723
480,87,1360,567,14588723
481,87,1361,568,14615609
481,87,1361,568,14615609
485,87,1361,572,14718338
485,87,1364,572,14718338
485,87,1367,572,14718338
485,87,1370,572,14718338
485,87,1372,572,14718338
486,87,1373,573,14740148
487,87,1373,574,14775706
487,88,1373,575,14800938
487,88,1373,575,14800938
487,88,1373,575,14800938
489,88,1373,577,14861038
490,88,1373,578,14884468
492,88,1374,580,14929799
492,88,1376,580,14929799
492,88,1379,580,14929799
492,88,1379,580,14929799
492,88,1379,580,14929799
492,88,1379,580,14929799
492,88,1379,580,14929799
493,88,1379,581,14966102
495,89,1379,584,15046220
495,89,1382,584,15046220
495,89,1385,584,15046220
495,89,1388,584,15046220
495,89,1391,584,15046220
495,89,1394,584,15046220
495,89,1396,584,15046220
495,89,1398,584,15046220
496,89,1399,585,15081276
496,89,1401,585,15081276
496,89,1402,585,15081276
496,89,1403,585,15081276
496,89,1404,585,15081276
496,89,1405,585,15081276
496,89,1406,585,15081276
496,89,1407,585,15081276
496,89,1408,585,15081276
496,89,1409,585,15081276
496,89,1410,585,15081276
496,89,1411,585,15081276
497,89,1412,586,15102986
498,89,1412,587,15134403
499,89,1412,588,15149085
499,89,1416,588,15149085
499,89,1416,588,15149085
500,89,1419,589,15162458
500,89,1423,589,15162458
500,89,1427,589,15162458
500,89,1431,589,15162458
500,89,1435,589,15162458
500,89,1439,589,15162458
500,89,1443,589,15162458
500,89,1447,589,15162458
500,89,1451,589,15162458
500,89,1455,589,15162458
500,89,1459,589,15162458
500,89,1463,589,15162458
500,89,1466,589,15162458
500,89,1467,589,15162458
500,89,1470,589,15162458
500,89,1473,589,15162458
500,89,1476,589,15162458
500,89,1478,589,15162458
500,89,1481,589,15162458
500,89,1485,589,15162458
500,89,1489,589,15162458
500,89,1493,589,15162458
500,89,1497,589,15162458
501,89,1498,590,15184168
502,89,1498,591,15218622
503,89,1498,592,15241252
503,89,1498,592,15241252
503,89,1498,592,15241252
503,89,1498,592,15241252
505,89,1498,594,15304441
506,89,1498,595,15320200
506,89,1498,595,15320200
506,89,1498,595,15320200
507,89,1499,596,15356473
507,89,1499,596,15356473
507,89,1499,596,15356473
507,89,1499,596,15356473
507,89,1499,596,15356473
507,89,1501,596,15356473
507,89,1501,596,15356473
508,89,1502,597,15391780
508,89,1504,597,15391780
508,89,1506,597,15391780
508,89,1508,597,15391780
508,89,1510,597,15391780
508,89,1512,597,15391780
508,89,1514,597,15391780
508,89,1518,597,15391780
508,89,1522,597,15391780
508,89,1526,597,15391780
508,89,1529,597,15391780
508,89,1532,597,15391780
508,89,1534,597,15391780
509,89,1535,598,15426664
509,89,1535,598,15426664
509,89,1535,598,15426664
509,89,1535,598,15426664
509,89,1535,598,15426664
510,90,1535,600,15487289
510,91,1535,601,15505886
510,92,1535,602,15537062
510,92,1537,602,15537062
511,92,1538,603,15571633
512,92,1539,604,15595430
512,93,1541,605,15607520
512,93,1544,605,15607520
512,93,1547,605,15607520
512,93,1550,605,15607520
512,93,1550,605,15607520
512,93,1550,605,15607520
512,93,1550,605,15607520
512,93,1550,605,15607520
512,93,1550,605,15607520
512,93,1550,605,15607520
512,93,1550,605,15607520
512,94,1552,606,15616583
513,95,1553,608,15662532
514,95,1554,609,15697588
514,95,1556,609,15697588
514,95,1556,609,15697588
514,95,1558,609,15697588
514,95,1560,609,15697588
514,95,1562,609,15697588
514,95,1564,609,15697588
514,95,1566,609,15697588
516,95,1566,611,15757688
516,96,1566,612,15766018
516,97,1566,613,15778939
516,97,1566,613,15778939
516,97,1566,613,15778939
516,97,1566,613,15778939
516,97,1566,613,15778939
516,97,1566,613,15778939
516,97,1566,613,15778939
517,97,1567,614,15799916
518,97,1567,615,15825653
518,98,1567,616,15845423
518,98,1567,616,15845423
518,98,1567,616,15845423
518,98,1567,616,15845423
518,98,1571,616,15845423
520,98,1571,618,15905523
521,98,1571,619,15928953
522,98,1572,620,15960573
523,98,1572,621,16001289
523,98,1572,621,16001289
525,98,1572,623,16058569
525,98,1572,623,16058569
526,98,1573,624,16092409
527,98,1573,625,16101600
527,98,1573,625,16101600
527,98,1576,625,16101600
527,98,1578,625,16101600
527,98,1580,625,16101600
527,98,1582,625,16101600
527,98,1584,625,16101600
527,98,1586,625,16101600
529,98,1586,627,16173210
531,98,1586,629,16230490
532,98,1587,630,16266763
533,98,1587,631,16271563
534,98,1587,632,16288414
534,98,1589,632,16288414
534,98,1590,632,16288414
534,98,1593,632,16288414
534,98,1596,632,16288414
534,98,1599,632,16288414
534,98,1603,632,16288414
536,98,1603,634,16358210
537,98,1604,635,16393517
537,98,1604,635,16393517
537,98,1604,635,16393517
539,98,1604,637,16450871
540,98,1604,638,16475151
540,98,1604,638,16475151
540,98,1604,638,16475151
540,98,1607,638,16475151
540,98,1610,638,16475151
540,98,1610,638,16475151
541,98,1611,639,16508991
541,98,1611,639,16508991
541,98,1611,639,16508991
542,98,1612,640,16538517
542,99,1612,641,16556198
542,99,1612,641,16556198
543,99,1613,642,16579226
544,99,1613,643,16598336
546,99,1613,645,16661525
547,99,1614,646,16693725
548,99,1615,647,16728296
549,99,1617,648,16744652
550,99,1620,649,16765685
550,99,1624,649,16765685
550,99,1628,649,16765685
550,99,1632,649,16765685
552,99,1633,651,16808062
552,99,1637,651,16808062
553,99,1640,652,16823746
553,99,1640,652,16823746
553,99,1643,652,16823746
553,99,1646,652,16823746
553,99,1648,652,16823746
553,99,1650,652,16823746
553,99,1651,652,16823746
553,99,1655,652,16823746
553,99,1658,652,16823746
555,99,1658,654,16881100
556,99,1658,655,16907207
557,99,1659,656,16938827
559,99,1659,658,16996840
560,99,1659,659,17028257
560,99,1662,659,17028257
560,99,1665,659,17028257
560,99,1668,659,17028257
560,99,1671,659,17028257
561,99,1672,660,17049234
562,99,1672,661,17070634
563,99,1673,662,17106907
564,99,1673,663,17111707
567,99,1673,666,17201137
569,99,1673,668,17269060
570,99,1673,669,17309776
570,99,1676,669,17309776
570,99,1676,669,17309776
570,99,1679,669,17309776
570,99,1679,669,17309776
570,99,1679,669,17309776
570,99,1679,669,17309776
570,99,1679,669,17309776
571,99,1680,670,17333573
572,99,1680,671,17357003
576,99,1680,675,17461115
576,99,1684,675,17461115
576,99,1688,675,17461115
576,99,1692,675,17461115
576,99,1696,675,17461115
576,99,1700,675,17461115
576,99,1704,675,17461115
576,99,1708,675,17461115
576,99,1712,675,17461115
576,99,1716,675,17461115
576,99,1720,675,17461115
576,99,1724,675,17461115
576,99,1728,675,17461115
576,99,1732,675,17461115
576,99,1735,675,17461115
576,99,1739,675,17461115
576,99,1743,675,17461115
576,99,1747,675,17461115
576,99,1751,675,17461115
576,99,1755,675,17461115
576,99,1759,675,17461115
577,99,1760,676,17482092
578,99,1760,677,17503492
579,99,1761,678,17539765
580,99,1761,679,17544565
581,99,1761,680,17561416
583,99,1761,682,17619429
584,99,1761,683,17653883
585,99,1761,684,17676513
585,99,1761,684,17676513
586,99,1763,685,17705286
586,100,1763,686,17730932
586,100,1763,686,17730932
586,100,1763,686,17730932
586,100,1766,686,17730932
586,100,1767,686,17730932
587,100,1768,687,17751909
588,100,1768,688,17773309
589,100,1768,689,17788993
589,100,1768,689,17788993
589,100,1770,689,17788993
589,100,1771,689,17788993
591,100,1771,691,17849093
592,100,1772,692,17872121
593,100,1772,693,17891231
593,100,1774,693,17891231
593,100,1775,693,17891231
593,100,1777,693,17891231
593,100,1778,693,17891231
593,100,1779,693,17891231
593,100,1779,693,17891231
593,100,1779,693,17891231
596,100,1779,696,17980661
598,100,1779,698,18038674
599,100,1779,699,18070091
600,100,1780,700,18106364
601,100,1782,701,18111164
603,100,1782,703,18169177
604,100,1782,704,18200594
604,100,1785,704,18200594
604,100,1788,704,18200594
606,100,1788,706,18269097
607,100,1788,707,18304090
608,100,1789,708,18327887
609,100,1789,709,18351317
611,100,1789,711,18422676
612,100,1790,712,18444386
613,100,1790,713,18478840
615,100,1790,715,18536194
616,100,1790,716,18560474
616,100,1790,716,18560474
616,100,1790,716,18560474
616,100,1790,716,18560474
616,100,1790,716,18560474
617,100,1791,717,18593967
617,101,1791,718,18605087
617,101,1791,718,18605087
617,101,1794,718,18605087
617,101,1797,718,18605087
617,101,1800,718,18605087
617,101,1803,718,18605087
617,101,1806,718,18605087
617,101,1809,718,18605087
617,101,1812,718,18605087
617,101,1815,718,18605087
617,101,1818,718,18605087
617,101,1821,718,18605087
617,101,1824,718,18605087
617,101,1827,718,18605087
617,101,1830,718,18605087
617,101,1833,718,18605087
617,101,1835,718,18605087
617,101,1837,718,18605087
618,101,1838,719,18628115
619,101,1838,720,18643729
620,101,1838,721,18672206
620,101,1838,721,18672206
622,101,1838,723,18740563
623,101,1838,724,18763442
624,101,1838,725,18769172
625,101,1839,726,18805445
626,101,1839,727,18810801
628,101,1839,729,18868814
629,101,1841,730,18900231
630,101,1841,731,18914913
630,101,1841,731,18914913
630,101,1844,731,18914913
630,101,1848,731,18914913
630,101,1848,731,18914913
630,101,1848,731,18914913
633,101,1848,734,18992289
635,101,1849,736,19045416
636,101,1852,737,19060098
636,101,1856,737,19060098
636,101,1860,737,19060098
636,101,1864,737,19060098
636,101,1864,737,19060098
636,101,1864,737,19060098
638,101,1864,739,19118111
639,101,1864,740,19149528
640,101,1865,741,19172556
641,101,1865,742,19188170
642,101,1865,743,19216647
644,101,1865,745,19279836
646,101,1865,747,19337849
647,101,1865,748,19369266
648,101,1865,749,19383948
648,101,1867,749,19383948
648,101,1868,749,19383948
648,101,1869,749,19383948
648,101,1872,749,19383948
648,101,1873,749,19383948
648,101,1875,749,19383948
649,101,1875,750,19402134
650,101,1875,751,19417401
650,101,1875,751,19417401
650,101,1875,751,19417401
652,101,1875,753,19477501
652,101,1875,753,19477501
652,101,1875,753,19477501
653,101,1877,754,19485830
654,101,1877,755,19498750
654,101,1881,755,19498750
654,101,1885,755,19498750
654,101,1889,755,19498750
654,101,1889,755,19498750
654,101,1893,755,19498750
654,101,1897,755,19498750
656,101,1897,757,19558081
656,101,1897,757,19558081
656,101,1897,757,19558081
656,101,1897,757,19558081
657,101,1898,758,19579058
658,101,1898,759,19600458
659,101,1898,760,19616142
660,101,1898,761,19652445
660,101,1899,761,19652445
661,101,1900,762,19684065
663,101,1900,764,19756641
664,101,1900,765,19761441
665,101,1900,766,19778292
665,101,1900,766,19778292
665,101,1900,766,19778292
665,101,1904,766,19778292
665,101,1908,766,19778292
665,101,1912,766,19778292
665,101,1916,766,19778292
665,101,1916,766,19778292
665,101,1920,766,19778292
665,101,1924,766,19778292
665,101,1924,766,19778292
665,101,1924,766,19778292
665,101,1924,766,19778292
665,101,1927,766,19778292
665,101,1928,766,19778292
665,101,1928,766,19778292
665,101,1928,766,19778292
665,101,1932,766,19778292
665,101,1936,766,19778292
665,101,1940,766,19778292
666,101,1941,767,19800002
667,101,1941,768,19831419
667,101,1944,768,19831419
667,101,1947,768,19831419
667,101,1950,768,19831419
667,101,1953,768,19831419
667,101,1956,768,19831419
668,101,1956,769,19846101
668,101,1959,769,19846101
668,101,1963,769,19846101
668,101,1966,769,19846101
668,101,1970,769,19846101
670,101,1970,771,19904114
671,101,1970,772,19935531
671,101,1973,772,19935531
671,101,1976,772,19935531
671,101,1979,772,19935531
671,101,1982,772,19935531
673,101,1982,774,19995631
674,101,1983,775,20017441
675,101,1983,776,20037474
677,101,1984,778,20090601
679,101,1984,780,20150701
680,101,1984,781,20174131
681,101,1985,782,20195841
682,101,1985,783,20230295
683,101,1985,784,20252925
685,101,1985,786,20310938
686,101,1985,787,20342355
687,101,1986,788,20369241
688,101,1987,789,20392269
688,101,1987,789,20392269
688,101,1987,789,20392269
688,101,1989,789,20392269
689,101,1989,790,20408028
689,101,1989,790,20408028
689,101,1992,790,20408028
689,101,1994,790,20408028
689,101,1996,790,20408028
689,101,1996,790,20408028
689,101,1996,790,20408028
689,101,1996,790,20408028
691,101,1996,792,20467359
691,101,1996,792,20467359
693,101,1997,794,20520486
694,101,2000,795,20535168
694,101,2004,795,20535168
694,101,2008,795,20535168
694,101,2012,795,20535168
694,101,2016,795,20535168
694,101,2020,795,20535168
694,101,2024,795,20535168
694,101,2028,795,20535168
694,101,2032,795,20535168
694,101,2036,795,20535168
694,101,2040,795,20535168
694,101,2044,795,20535168
694,101,2048,795,20535168
694,101,2051,795,20535168
694,101,2054,795,20535168
694,101,2057,795,20535168
694,101,2061,795,20535168
694,101,2064,795,20535168
694,101,2067,795,20535168
694,101,2070,795,20535168
694,101,2072,795,20535168
694,101,2076,795,20535168
694,101,2080,795,20535168
694,101,2084,795,20535168
694,101,2088,795,20535168
694,101,2092,795,20535168
694,101,2095,795,20535168
695,101,2096,796,20556145
696,101,2096,797,20577545
697,101,2096,798,20593229
697,101,2100,798,20593229
697,101,2103,798,20593229
697,101,2106,798,20593229
697,101,2108,798,20593229
699,101,2108,800,20665805
700,101,2109,801,20689602
701,101,2109,802,20713032
701,101,2111,802,20713032
702,101,2111,803,20716723
702,101,2111,803,20716723
702,101,2111,803,20716723
702,101,2111,803,20716723
704,101,2111,805,20776823
705,101,2111,806,20800253
706,101,2112,807,20831873
707,101,2112,808,20872589
707,101,2112,808,20872589
707,101,2112,808,20872589
707,101,2112,808,20872589
707,101,2115,808,20872589
709,101,2115,810,20931920
710,101,2115,811,20951030
711,101,2118,812,20975318
711,101,2118,812,20975318
711,101,2118,812,20975318
711,101,2118,812,20975318
711,101,2118,812,20975318
712,101,2119,813,21007518
713,101,2119,814,21022221
713,102,2119,815,21028163
713,102,2119,815,21028163
713,102,2123,815,21028163
713,102,2123,815,21028163
713,102,2126,815,21028163
713,102,2127,815,21028163
713,102,2130,815,21028163
713,102,2131,815,21028163
715,102,2131,817,21086176
716,102,2131,818,21101601
716,103,2131,819,21120066
716,103,2131,819,21120066
718,103,2131,821,21178079
719,103,2131,822,21209496
720,103,2132,823,21231306
721,103,2132,824,21251339
722,103,2132,825,21279973
723,103,2133,826,21303001
724,103,2133,827,21321187
725,103,2133,828,21336454
725,103,2133,828,21336454
725,103,2133,828,21336454
725,103,2135,828,21336454
725,103,2136,828,21336454
725,103,2137,828,21336454
725,103,2137,828,21336454
725,103,2137,828,21336454
726,103,2140,829,21351136
726,103,2144,829,21351136
726,103,2148,829,21351136
726,103,2151,829,21351136
726,103,2153,829,21351136
726,103,2157,829,21351136
726,103,2160,829,21351136
726,103,2163,829,21351136
726,103,2166,829,21351136
726,103,2169,829,21351136
726,103,2171,829,21351136
726,103,2172,829,21351136
726,103,2175,829,21351136
726,103,2177,829,21351136
726,103,2180,829,21351136
726,103,2182,829,21351136
726,103,2183,829,21351136
728,103,2183,831,21409149
729,103,2183,832,21440566
730,103,2184,833,21463594
730,103,2184,833,21463594
730,103,2184,833,21463594
731,103,2186,834,21481780
732,103,2187,835,21502757
733,103,2187,836,21524157
735,103,2187,838,21582170
736,103,2187,839,21613587
737,103,2187,840,21628269
737,103,2191,840,21628269
737,103,2195,840,21628269
737,103,2198,840,21628269
737,103,2200,840,21628269
737,103,2201,840,21628269
739,103,2201,842,21694098
740,103,2201,843,21700786
741,103,2202,844,21737059
741,103,2202,844,21737059
741,103,2204,844,21737059
741,103,2206,844,21737059
741,103,2207,844,21737059
741,103,2209,844,21737059
741,103,2209,844,21737059
741,103,2209,844,21737059
741,103,2209,844,21737059
741,103,2209,844,21737059
741,103,2209,844,21737059
741,103,2209,844,21737059
741,103,2211,844,21737059
741,103,2211,844,21737059
741,103,2211,844,21737059
741,103,2211,844,21737059
741,103,2214,844,21737059
741,103,2216,844,21737059
741,103,2219,844,21737059
741,103,2221,844,21737059
741,103,2224,844,21737059
741,103,2226,844,21737059
741,103,2229,844,21737059
741,103,2231,844,21737059
741,103,2232,844,21737059
741,103,2233,844,21737059
741,103,2233,844,21737059
741,103,2233,844,21737059
743,103,2233,846,21797159
744,103,2233,847,21820589
745,103,2234,848,21852209
746,103,2234,849,21892925
746,103,2234,849,21892925
748,103,2234,851,21953025
749,103,2234,852,21976455
750,103,2235,853,21999483
751,103,2235,854,22015097
752,103,2235,855,22043574
752,103,2237,855,22043574
752,103,2238,855,22043574
753,103,2239,856,22066602
754,103,2239,857,22084788
756,103,2239,859,22142801
757,103,2241,860,22174218
757,103,2244,860,22174218
758,103,2245,861,22201104
759,103,2245,862,22217460
760,103,2245,863,22238493
760,103,2245,863,22238493
760,103,2245,863,22238493
760,103,2249,863,22238493
760,103,2253,863,22238493
760,103,2257,863,22238493
760,103,2261,863,22238493
762,103,2262,865,22279707
762,103,2266,865,22279707
762,103,2269,865,22279707
762,103,2272,865,22279707
762,103,2274,865,22279707
762,103,2276,865,22279707
762,103,2277,865,22279707
763,103,2280,866,22294974
763,103,2280,866,22294974
763,103,2280,866,22294974
765,103,2280,868,22366161
765,103,2280,868,22366161
765,103,2282,868,22366161
765,103,2284,868,22366161
765,103,2284,868,22366161
765,103,2286,868,22366161
765,103,2288,868,22366161
765,103,2290,868,22366161
765,103,2290,868,22366161
765,103,2290,868,22366161
765,103,2290,868,22366161
765,103,2290,868,22366161
765,103,2292,868,22366161
768,103,2293,871,22424085
768,103,2295,871,22424085
768,103,2299,871,22424085
768,103,2302,871,22424085
768,103,2303,871,22424085
768,103,2303,871,22424085
768,103,2303,871,22424085
768,103,2307,871,22424085
768,103,2309,871,22424085
769,103,2310,872,22445795
770,103,2310,873,22477212
771,103,2313,874,22491894
771,103,2313,874,22491894
771,103,2313,874,22491894
771,103,2313,874,22491894
771,103,2313,874,22491894
771,103,2317,874,22491894
771,103,2321,874,22491894
771,103,2325,874,22491894
771,103,2329,874,22491894
771,103,2331,874,22491894
774,103,2332,877,22535920
774,103,2335,877,22535920
774,103,2338,877,22535920
774,103,2340,877,22535920
774,103,2344,877,22535920
776,103,2344,879,22595251
776,103,2346,879,22595251
776,103,2348,879,22595251
777,103,2348,880,22603505
777,103,2348,880,22603505
777,103,2350,880,22603505
778,103,2351,881,22638561
778,103,2353,881,22638561
778,103,2355,881,22638561
778,103,2357,881,22638561
778,103,2359,881,22638561
778,103,2361,881,22638561
778,103,2363,881,22638561
778,103,2365,881,22638561
778,103,2367,881,22638561
779,103,2368,882,22662358
779,103,2370,882,22662358
781,103,2370,884,22730281
782,103,2370,885,22770997
782,103,2370,885,22770997
782,103,2370,885,22770997
783,103,2371,886,22805568
783,103,2371,886,22805568
783,103,2373,886,22805568
783,103,2373,886,22805568
783,103,2375,886,22805568
785,103,2376,888,22860501
785,103,2378,888,22860501
786,103,2381,889,22866231
786,103,2381,889,22866231
786,103,2385,889,22866231
788,103,2385,891,22934154
789,103,2385,892,22974870
789,103,2385,892,22974870
789,103,2385,892,22974870
789,103,2385,892,22974870
789,103,2385,892,22974870
789,103,2388,892,22974870
789,103,2388,892,22974870
789,103,2388,892,22974870
789,103,2388,892,22974870
789,103,2388,892,22974870
789,103,2388,892,22974870
789,103,2388,892,22974870
790,103,2389,893,23001756
791,103,2389,894,23017515
791,103,2389,894,23017515
791,103,2389,894,23017515
791,103,2389,894,23017515
791,103,2389,894,23017515
793,103,2389,896,23085872
793,103,2389,896,23085872
793,103,2389,896,23085872
793,103,2389,896,23085872
794,103,2391,897,23108751
795,103,2391,898,23114481
795,103,2391,898,23114481
795,103,2391,898,23114481
797,103,2391,900,23184277
797,103,2391,900,23184277
797,103,2391,900,23184277
797,103,2391,900,23184277
797,103,2391,900,23184277
797,103,2393,900,23184277
797,103,2395,900,23184277
797,103,2395,900,23184277
799,103,2395,902,23242290
800,103,2395,903,23276744
801,103,2395,904,23299374
803,103,2395,906,23359474
804,103,2395,907,23382904
805,103,2396,908,23419177
806,103,2396,909,23423977
807,103,2399,910,23440828
807,103,2399,910,23440828
807,103,2403,910,23440828
807,103,2403,910,23440828
807,103,2403,910,23440828
807,103,2407,910,23440828
807,103,2411,910,23440828
807,103,2411,910,23440828
807,103,2411,910,23440828
807,103,2415,910,23440828
807,103,2415,910,23440828
807,103,2415,910,23440828
807,103,2419,910,23440828
809,103,2419,912,23509391
810,103,2419,913,23529087
811,103,2420,914,23552884
812,103,2420,915,23576314
813,103,2423,916,23589687
813,103,2423,916,23589687
813,103,2423,916,23589687
813,103,2423,916,23589687
813,103,2423,916,23589687
813,103,2423,916,23589687
813,103,2423,916,23589687
813,103,2423,916,23589687
813,103,2423,916,23589687
813,103,2427,916,23589687
813,103,2431,916,23589687
813,103,2435,916,23589687
813,103,2438,916,23589687
813,104,2438,917,23595883
813,104,2438,917,23595883
813,104,2438,917,23595883
813,104,2438,917,23595883
813,104,2438,917,23595883
813,104,2438,917,23595883
816,104,2439,920,23663692
816,104,2443,920,23663692
816,104,2447,920,23663692
816,104,2451,920,23663692
816,104,2454,920,23663692
816,104,2457,920,23663692
816,104,2460,920,23663692
816,104,2463,920,23663692
816,104,2466,920,23663692
816,104,2469,920,23663692
816,104,2471,920,23663692
816,104,2475,920,23663692
816,104,2475,920,23663692
819,104,2475,923,23747222
819,104,2477,923,23747222
820,104,2478,924,23768273
821,104,2478,925,23792553
823,104,2478,927,23865129
824,104,2478,928,23869929
825,104,2478,929,23886780
825,104,2478,929,23886780
827,104,2479,931,23939907
829,104,2479,933,24011517
830,104,2479,934,24019674
831,104,2479,935,24032088
832,104,2480,936,24053798
833,104,2481,937,24085998
834,104,2481,938,24120991
835,104,2482,939,24142701
836,104,2482,940,24174118
838,104,2482,942,24246694
839,104,2482,943,24255756
841,104,2483,945,24305117
842,104,2483,946,24323880
842,104,2483,946,24323880
842,104,2483,946,24323880
842,104,2483,946,24323880
842,104,2485,946,24323880
842,104,2487,946,24323880
842,104,2489,946,24323880
842,104,2491,946,24323880
842,104,2492,946,24323880
842,104,2494,946,24323880
842,104,2496,946,24323880
844,104,2496,948,24392383
844,104,2496,948,24392383
844,104,2496,948,24392383
845,104,2497,949,24425876
845,104,2497,949,24425876
845,104,2497,949,24425876
845,104,2497,949,24425876
845,104,2497,949,24425876
847,104,2497,951,24497486
847,104,2499,951,24497486
847,104,2501,951,24497486
847,104,2503,951,24497486
847,105,2503,952,24510817
847,105,2503,952,24510817
847,105,2505,952,24510817
847,105,2506,952,24510817
847,105,2507,952,24510817
847,105,2507,952,24510817
847,105,2507,952,24510817
847,105,2509,952,24510817
847,105,2509,952,24510817
847,105,2509,952,24510817
849,105,2509,954,24570148
850,105,2509,955,24578402
850,105,2511,955,24578402
850,105,2512,955,24578402
850,105,2512,955,24578402
850,105,2514,955,24578402
851,105,2515,956,24600112
852,105,2515,957,24631529
853,105,2518,958,24646211
853,105,2518,958,24646211
853,105,2521,958,24646211
853,105,2525,958,24646211
853,105,2525,958,24646211
853,105,2528,958,24646211
853,105,2532,958,24646211
853,105,2532,958,24646211
853,105,2535,958,24646211
853,105,2536,958,24646211
853,105,2539,958,24646211
853,105,2543,958,24646211
853,105,2547,958,24646211
853,105,2551,958,24646211
853,105,2555,958,24646211
853,105,2558,958,24646211
853,105,2559,958,24646211
853,105,2559,958,24646211
855,105,2559,960,24718787
856,105,2559,961,24723587
857,105,2559,962,24740438
857,105,2559,962,24740438
857,105,2559,962,24740438
857,105,2559,962,24740438
857,105,2559,962,24740438
858,105,2560,963,24761489
859,105,2560,964,24785769
859,105,2560,964,24785769
859,105,2560,964,24785769
859,105,2560,964,24785769
859,105,2560,964,24785769
860,105,2561,965,24810090
861,105,2561,966,24828686
862,105,2561,967,24859853
862,105,2561,967,24859853
862,105,2561,967,24859853
862,105,2561,967,24859853
863,105,2562,968,24892053
864,105,2562,969,24918382
864,105,2562,969,24918382
864,105,2562,969,24918382
864,105,2564,969,24918382
864,105,2568,969,24918382
864,105,2568,969,24918382
864,105,2568,969,24918382
864,105,2568,969,24918382
864,105,2572,969,24918382
864,105,2572,969,24918382
864,105,2576,969,24918382
865,105,2577,970,24953438
867,105,2577,972,25013538
868,105,2577,973,25036968
869,105,2578,974,25069228
870,105,2578,975,25074678
870,105,2578,975,25074678
870,105,2578,975,25074678
870,105,2578,975,25074678
870,105,2581,975,25074678
870,105,2581,975,25074678
870,105,2581,975,25074678
870,105,2584,975,25074678
872,105,2584,977,25132032
872,105,2584,977,25132032
872,105,2584,977,25132032
873,105,2585,978,25164292
873,105,2585,978,25164292
873,105,2585,978,25164292
873,105,2585,978,25164292
875,105,2585,980,25235166
875,105,2585,980,25235166
875,105,2587,980,25235166
875,105,2587,980,25235166
875,105,2587,980,25235166
875,105,2587,980,25235166
875,105,2589,980,25235166
875,105,2589,980,25235166
875,105,2589,980,25235166
876,105,2590,981,25256217
876,105,2592,981,25256217
876,105,2592,981,25256217
876,105,2594,981,25256217
876,105,2594,981,25256217
876,105,2594,981,25256217
876,105,2594,981,25256217
876,105,2594,981,25256217
878,105,2594,983,25313571
879,105,2594,984,25337851
880,105,2595,985,25361648
881,105,2595,986,25385078
883,105,2595,988,25442358
884,105,2595,989,25463758
885,105,2595,990,25479442
887,105,2595,992,25537555
888,105,2597,993,25557588
889,105,2597,994,25586222
889,105,2600,994,25586222
890,105,2601,995,25607932
891,105,2601,996,25617850
891,105,2601,996,25617850
891,105,2601,996,25617850
891,105,2604,996,25617850
891,105,2604,996,25617850
891,105,2604,996,25617850
891,105,2604,996,25617850
891,105,2604,996,25617850
891,105,2604,996,25617850
891,105,2604,996,25617850
891,105,2604,996,25617850
891,105,2606,996,25617850
891,105,2607,996,25617850
891,105,2608,996,25617850
892,105,2610,997,25649267
892,105,2612,997,25649267
892,105,2613,997,25649267
892,105,2615,997,25649267
892,105,2616,997,25649267
894,105,2616,999,25707380
895,105,2616,1000,25742938
896,105,2617,1001,25764648
897,105,2617,1002,25796065
898,105,2618,1003,25817042
899,105,2618,1004,25838442
900,105,2620,1005,25867215
900,105,2623,1005,25867215
902,105,2623,1007,25937011
903,105,2623,1008,25948130
903,105,2623,1008,25948130
904,105,2624,1009,25969181
905,105,2624,1010,25993461
906,105,2625,1011,26017258
907,105,2625,1012,26040688
908,105,2625,1013,26054061
910,105,2625,1015,26126637
911,105,2625,1016,26131437
912,105,2625,1017,26148288
912,105,2625,1017,26148288
912,105,2625,1017,26148288
912,105,2629,1017,26148288
912,105,2633,1017,26148288
912,105,2637,1017,26148288
912,105,2641,1017,26148288
912,105,2645,1017,26148288
912,105,2649,1017,26148288
912,105,2649,1017,26148288
912,105,2649,1017,26148288
912,105,2649,1017,26148288
912,105,2653,1017,26148288
913,105,2654,1018,26169998
913,105,2658,1018,26169998
914,105,2660,1019,26201415
915,105,2663,1020,26216097
915,105,2666,1020,26216097
915,105,2670,1020,26216097
915,105,2674,1020,26216097
915,105,2678,1020,26216097
915,105,2682,1020,26216097
917,105,2682,1022,26273451
918,105,2682,1023,26297731
918,105,2682,1023,26297731
918,105,2682,1023,26297731
918,105,2682,1023,26297731
918,105,2682,1023,26297731
919,105,2683,1024,26319441
920,105,2683,1025,26350858
921,105,2686,1026,26365540
921,105,2690,1026,26365540
921,105,2694,1026,26365540
921,105,2697,1026,26365540
921,105,2700,1026,26365540
921,105,2703,1026,26365540
921,105,2707,1026,26365540
921,105,2710,1026,26365540
921,105,2712,1026,26365540
921,105,2716,1026,26365540
921,105,2720,1026,26365540
921,105,2724,1026,26365540
921,105,2728,1026,26365540
921,105,2731,1026,26365540
921,105,2734,1026,26365540
922,105,2735,1027,26389861
923,105,2735,1028,26408457
924,105,2735,1029,26439624
924,105,2735,1029,26439624
924,105,2735,1029,26439624
924,105,2735,1029,26439624
924,105,2739,1029,26439624
924,105,2743,1029,26439624
924,105,2747,1029,26439624
924,105,2750,1029,26439624
924,105,2753,1029,26439624
924,105,2755,1029,26439624
925,105,2755,1030,26475927
926,105,2756,1031,26496978
927,105,2756,1032,26521258
927,105,2756,1032,26521258
927,105,2756,1032,26521258
928,105,2757,1033,26542968
929,105,2757,1034,26574385
931,105,2757,1036,26632398
931,105,2757,1036,26632398
931,105,2757,1036,26632398
931,105,2759,1036,26632398
931,105,2759,1036,26632398
931,105,2759,1036,26632398
931,105,2759,1036,26632398
932,105,2760,1037,26653449
934,105,2760,1039,26711462
935,105,2760,1040,26742879
935,105,2763,1040,26742879
936,105,2763,1041,26757561
936,105,2763,1041,26757561
936,105,2766,1041,26757561
939,105,2766,1044,26851232
939,105,2768,1044,26851232
939,105,2771,1044,26851232
940,105,2771,1045,26876463
940,105,2771,1045,26876463
941,105,2773,1046,26896496
942,105,2774,1047,26918206
943,105,2774,1048,26949623
945,105,2775,1050,26991252
947,105,2775,1052,27051352
948,105,2775,1053,27074782
949,105,2776,1054,27110089
949,105,2776,1054,27110089
949,105,2776,1054,27110089
951,105,2776,1056,27180232
951,105,2776,1056,27180232
951,105,2776,1056,27180232
951,105,2776,1056,27180232
952,105,2777,1057,27201942
953,105,2777,1058,27230715
954,105,2777,1059,27256360
954,105,2779,1059,27256360
954,105,2779,1059,27256360
955,105,2780,1060,27277411
955,106,2780,1061,27287645
955,106,2780,1061,27287645
955,106,2782,1061,27287645
955,106,2783,1061,27287645
955,106,2784,1061,27287645
955,106,2786,1061,27287645
955,106,2787,1061,27287645
957,106,2787,1063,27347745
958,106,2787,1064,27371175
959,106,2787,1065,27384548
960,106,2788,1066,27407576
961,106,2788,1067,27426686
962,106,2791,1068,27450974
962,106,2791,1068,27450974
965,106,2791,1071,27532608
965,106,2794,1071,27532608
965,106,2797,1071,27532608
967,106,2798,1073,27585735
967,106,2801,1073,27585735
969,106,2801,1075,27645835
969,106,2801,1075,27645835
969,106,2801,1075,27645835
969,106,2801,1075,27645835
970,106,2802,1076,27680891
972,106,2802,1078,27738904
973,106,2802,1079,27770321
974,106,2803,1080,27794118
975,106,2803,1081,27817548
976,106,2804,1082,27840576
977,106,2804,1083,27858762
978,106,2804,1084,27874029
978,106,2804,1084,27874029
978,106,2804,1084,27874029
979,106,2805,1085,27895739
980,106,2805,1086,27927156
981,106,2808,1087,27941838
981,106,2808,1087,27941838
981,106,2808,1087,27941838
981,106,2808,1087,27941838
981,106,2808,1087,27941838
983,106,2808,1089,28013448
983,106,2808,1089,28013448
984,106,2809,1090,28045648
985,106,2809,1091,28071977
985,106,2809,1091,28071977
985,106,2809,1091,28071977
986,106,2810,1092,28095005
986,106,2813,1092,28095005
986,106,2815,1092,28095005
986,106,2815,1092,28095005
986,106,2815,1092,28095005
986,106,2815,1092,28095005
986,106,2815,1092,28095005
986,106,2815,1092,28095005
986,106,2817,1092,28095005
986,106,2819,1092,28095005
986,106,2821,1092,28095005
986,106,2823,1092,28095005
986,106,2823,1092,28095005
987,106,2824,1093,28130061
988,106,2825,1094,28151771
989,106,2825,1095,28183188
989,106,2828,1095,28183188
990,106,2831,1096,28197870
990,106,2831,1096,28197870
990,106,2831,1096,28197870
990,106,2831,1096,28197870
990,106,2831,1096,28197870
990,106,2831,1096,28197870
990,106,2831,1096,28197870
990,106,2831,1096,28197870
990,106,2831,1096,28197870
990,106,2833,1096,28197870
992,106,2833,1098,28263699
993,106,2835,1099,28270387
993,106,2837,1099,28270387
993,106,2840,1099,28270387
993,106,2840,1099,28270387
993,106,2840,1099,28270387
993,106,2840,1099,28270387
994,106,2841,1100,28294184
994,106,2841,1100,28294184
994,106,2841,1100,28294184
994,106,2841,1100,28294184
994,106,2841,1100,28294184
994,106,2841,1100,28294184
994,106,2841,1100,28294184
994,106,2841,1100,28294184
996,106,2841,1102,28363980
996,106,2841,1102,28363980
996,106,2841,1102,28363980
996,106,2841,1102,28363980
996,106,2841,1102,28363980
996,106,2841,1102,28363980
997,106,2842,1103,28400253
998,106,2842,1104,28405609
998,106,2842,1104,28405609
998,106,2842,1104,28405609
998,106,2842,1104,28405609
998,106,2842,1104,28405609
998,106,2842,1104,28405609
1000,106,2842,1106,28462963
1001,106,2842,1107,28489070
1003,106,2842,1109,28557633
1004,106,2842,1110,28563083
1004,106,2842,1110,28563083
1005,106,2843,1111,28584793
1006,106,2843,1112,28616210
1007,106,2843,1113,28630892
1007,106,2843,1113,28630892
1009,106,2843,1115,28688905
1010,106,2843,1116,28717678
1011,106,2846,1117,28743323
1011,106,2846,1117,28743323
1011,106,2850,1117,28743323
1012,106,2851,1118,28767120
1013,106,2851,1119,28790550
1014,106,2851,1120,28803923
1016,106,2851,1122,28863254
1017,106,2851,1123,28878868
1018,106,2851,1124,28907345
1019,106,2852,1125,28938979
1020,106,2852,1126,28952158
1021,106,2853,1127,28981684
1022,106,2853,1128,28988372
1022,106,2853,1128,28988372
1024,106,2853,1130,29048472
1025,106,2853,1131,29071902
1026,106,2854,1132,29107209
1026,107,2854,1133,29124970
1026,107,2854,1133,29124970
1026,107,2854,1133,29124970
1028,107,2854,1135,29182250
1029,107,2854,1136,29203650
1031,107,2855,1138,29256777
1031,107,2858,1138,29256777
1031,107,2861,1138,29256777
1032,107,2864,1139,29272461
1032,107,2864,1139,29272461
1032,107,2866,1139,29272461
1032,107,2867,1139,29272461
1032,107,2870,1139,29272461
1032,107,2873,1139,29272461
1032,107,2877,1139,29272461
1032,107,2880,1139,29272461
1032,107,2883,1139,29272461
1034,107,2883,1141,29332561
1035,107,2883,1142,29355991
1036,107,2884,1143,29377701
1037,107,2884,1144,29409118
1037,107,2886,1144,29409118
1037,107,2887,1144,29409118
1037,107,2889,1144,29409118
1037,107,2890,1144,29409118
1037,107,2891,1144,29409118
1037,107,2891,1144,29409118
1037,107,2891,1144,29409118
1037,107,2895,1144,29409118
1037,107,2897,1144,29409118
1037,107,2898,1144,29409118
1037,107,2900,1144,29409118
1037,108,2900,1145,29424770
1037,109,2900,1146,29433931
1037,109,2902,1146,29433931
1038,109,2902,1147,29468385
1039,109,2902,1148,29491015
1039,109,2905,1148,29491015
1039,109,2907,1148,29491015
1039,109,2908,1148,29491015
1039,109,2911,1148,29491015
1039,109,2914,1148,29491015
1039,109,2917,1148,29491015
1039,109,2918,1148,29491015
1039,109,2918,1148,29491015
1039,109,2920,1148,29491015
1041,109,2920,1150,29551115
1042,109,2920,1151,29574545
1043,109,2921,1152,29596255
1044,109,2921,1153,29627672
1045,109,2922,1154,29662728
1045,110,2922,1155,29666755
1045,110,2925,1155,29666755
1047,110,2925,1157,29724768
1048,110,2925,1158,29756185
1049,110,2926,1159,29777162
1050,110,2926,1160,29805546
1052,110,2926,1162,29865646
1053,110,2927,1163,29887356
1055,110,2927,1165,29945469
1056,110,2927,1166,29981027
1057,110,2927,1167,30006258
1057,110,2927,1167,30006258
1057,110,2931,1167,30006258
1057,110,2935,1167,30006258
1057,110,2935,1167,30006258
1057,110,2935,1167,30006258
1057,110,2935,1167,30006258
1057,110,2935,1167,30006258
1057,110,2935,1167,30006258
1058,110,2937,1168,30026291
1059,110,2937,1169,30054925
1059,110,2937,1169,30054925
1059,110,2937,1169,30054925
1059,110,2937,1169,30054925
1063,110,2937,1173,30159037
1063,110,2941,1173,30159037
1063,110,2945,1173,30159037
1063,110,2949,1173,30159037
1063,110,2953,1173,30159037
1063,110,2957,1173,30159037
1063,110,2961,1173,30159037
1063,110,2965,1173,30159037
1063,110,2969,1173,30159037
1063,110,2973,1173,30159037
1063,110,2977,1173,30159037
1063,110,2981,1173,30159037
1063,110,2985,1173,30159037
1063,110,2989,1173,30159037
1063,110,2993,1173,30159037
1063,110,2997,1173,30159037
1063,110,3000,1173,30159037
1063,110,3004,1173,30159037
1063,110,3008,1173,30159037
1063,110,3012,1173,30159037
1063,110,3016,1173,30159037
1063,110,3020,1173,30159037
1063,110,3024,1173,30159037
1064,110,3025,1174,30180088
1065,110,3027,1175,30204368
1065,110,3027,1175,30204368
1065,110,3030,1175,30204368
1065,110,3033,1175,30204368
1065,110,3036,1175,30204368
1065,110,3039,1175,30204368
1065,110,3042,1175,30204368
1065,110,3045,1175,30204368
1065,110,3048,1175,30204368
1065,110,3050,1175,30204368
1065,110,3052,1175,30204368
1066,110,3052,1176,30213876
1066,110,3052,1176,30213876
1066,110,3052,1176,30213876
1066,110,3052,1176,30213876
1066,110,3052,1176,30213876
1066,110,3052,1176,30213876
1068,110,3052,1178,30281799
1069,110,3052,1179,30322515
1069,110,3052,1179,30322515
1069,110,3055,1179,30322515
1069,110,3058,1179,30322515
1070,110,3059,1180,30346312
1071,110,3059,1181,30369742
1073,110,3059,1183,30440929
1074,110,3060,1184,30470455
1075,110,3060,1185,30477143
1078,110,3061,1188,30544952
1078,110,3065,1188,30544952
1078,110,3069,1188,30544952
1078,110,3073,1188,30544952
1078,110,3077,1188,30544952
1078,110,3081,1188,30544952
1078,110,3085,1188,30544952
1078,110,3089,1188,30544952
1078,110,3093,1188,30544952
1078,110,3096,1188,30544952
1079,110,3097,1189,30581225
1080,110,3097,1190,30586025
1081,110,3100,1191,30602876
1081,110,3104,1191,30602876
1081,110,3107,1191,30602876
1081,110,3111,1191,30602876
1081,110,3115,1191,30602876
1081,110,3119,1191,30602876
1081,110,3123,1191,30602876
1081,110,3127,1191,30602876
1081,110,3131,1191,30602876
1081,110,3134,1191,30602876
1081,110,3137,1191,30602876
1081,110,3140,1191,30602876
1081,110,3143,1191,30602876
1081,110,3146,1191,30602876
1081,110,3149,1191,30602876
1085,110,3149,1195,30706988
1085,110,3153,1195,30706988
1085,110,3157,1195,30706988
1085,110,3161,1195,30706988
1085,110,3165,1195,30706988
1085,110,3169,1195,30706988
1085,110,3173,1195,30706988
1085,110,3177,1195,30706988
1085,110,3181,1195,30706988
1085,110,3185,1195,30706988
1085,110,3189,1195,30706988
1087,110,3190,1197,30743202
1089,110,3190,1199,30811125
1091,110,3190,1201,30869138
1092,110,3191,1202,30892935
1093,110,3191,1203,30929238
1094,110,3192,1204,30950215
1096,110,3192,1206,31007569
1097,110,3192,1207,31031849
1098,110,3193,1208,31052826
1099,110,3193,1209,31074226
1101,110,3193,1211,31146802
1102,110,3193,1212,31152158
1102,110,3193,1212,31152158
1102,110,3193,1212,31152158
1102,110,3193,1212,31152158
1102,110,3196,1212,31152158
1102,110,3196,1212,31152158
1102,110,3196,1212,31152158
1102,110,3196,1212,31152158
1102,110,3199,1212,31152158
1102,110,3199,1212,31152158
1103,110,3200,1213,31181684
1103,110,3200,1213,31181684
1103,110,3200,1213,31181684
1105,110,3200,1215,31253294
1105,110,3200,1215,31253294
1106,110,3201,1216,31288350
1108,110,3201,1218,31348450
1109,110,3201,1219,31371880
1110,110,3202,1220,31394908
1111,110,3202,1221,31413094
1113,110,3202,1223,31481597
1113,110,3202,1223,31481597
1113,110,3202,1223,31481597
1114,110,3203,1224,31502648
1114,110,3203,1224,31502648
1114,110,3203,1224,31502648
1116,110,3203,1226,31559928
1117,110,3203,1227,31585665
1118,110,3203,1228,31605434
1118,110,3207,1228,31605434
1118,110,3207,1228,31605434
1119,110,3208,1229,31628462
1119,110,3210,1229,31628462
1121,110,3210,1231,31687793
1122,110,3210,1232,31705979
1123,110,3211,1233,31727689
1124,110,3211,1234,31759106
1124,110,3213,1234,31759106
1124,110,3215,1234,31759106
1124,110,3217,1234,31759106
1124,110,3219,1234,31759106
1124,110,3221,1234,31759106
1124,110,3223,1234,31759106
1124,110,3225,1234,31759106
1124,110,3227,1234,31759106
1124,110,3229,1234,31759106
1124,110,3231,1234,31759106
1124,110,3233,1234,31759106
1124,110,3235,1234,31759106
1124,110,3237,1234,31759106
1124,110,3239,1234,31759106
1124,110,3241,1234,31759106
1124,110,3243,1234,31759106
1124,110,3245,1234,31759106
1125,110,3246,1235,31780083
1125,110,3248,1235,31780083
1125,110,3250,1235,31780083
1125,110,3252,1235,31780083
1127,110,3252,1237,31838096
1127,110,3252,1237,31838096
1127,110,3252,1237,31838096
1127,110,3252,1237,31838096
1127,110,3252,1237,31838096
1127,110,3254,1237,31838096
1128,110,3255,1238,31861893
1129,110,3255,1239,31870222
1130,110,3255,1240,31883142
1130,110,3255,1240,31883142
1130,110,3255,1240,31883142
1130,110,3255,1240,31883142
1130,110,3255,1240,31883142
1130,110,3255,1240,31883142
1130,110,3259,1240,31883142
1130,110,3261,1240,31883142
1132,110,3261,1242,31943242
1133,110,3261,1243,31966672
1134,110,3262,1244,32002945
1135,110,3262,1245,32007745
1137,110,3262,1247,32067076
1138,110,3262,1248,32085262
1139,110,3262,1249,32100529
1140,110,3263,1250,32122239
1141,110,3263,1251,32156693
1142,110,3263,1252,32179323
1144,110,3263,1254,32247246
1145,110,3264,1255,32281086
1147,110,3264,1257,32341186
1148,110,3265,1258,32362896
1149,110,3265,1259,32399199
1149,110,3267,1259,32399199
1149,110,3267,1259,32399199
1150,110,3268,1260,32428725
1151,110,3268,1261,32435413
1151,110,3268,1261,32435413
1151,110,3271,1261,32435413
1151,110,3273,1261,32435413
1151,110,3274,1261,32435413
1152,110,3275,1262,32470720
1152,110,3275,1262,32470720
1152,110,3275,1262,32470720
1154,110,3275,1264,32530820
1155,110,3275,1265,32554250
1156,110,3276,1266,32586450
1156,110,3276,1266,32586450
1156,110,3278,1266,32586450
1156,110,3279,1266,32586450
1156,110,3281,1266,32586450
1158,110,3282,1268,32631781
1158,110,3285,1268,32631781
1158,110,3288,1268,32631781
1158,110,3291,1268,32631781
1158,110,3294,1268,32631781
1158,110,3297,1268,32631781
1158,110,3300,1268,32631781
1158,110,3303,1268,32631781
1158,110,3306,1268,32631781
1158,110,3309,1268,32631781
1158,110,3311,1268,32631781
1159,110,3312,1269,32663981
1160,110,3312,1270,32698974
1161,110,3312,1271,32705141
1161,110,3312,1271,32705141
1161,110,3312,1271,32705141
1161,110,3314,1271,32705141
1161,110,3315,1271,32705141
1162,110,3315,1272,32718514
1162,110,3315,1272,32718514
1162,110,3317,1272,32718514
1162,110,3317,1272,32718514
1162,110,3319,1272,32718514
1164,110,3319,1274,32784343
1166,110,3319,1276,32844967
1166,110,3319,1276,32844967
1166,110,3319,1276,32844967
1166,110,3319,1276,32844967
1167,110,3320,1277,32877167
1168,110,3320,1278,32912160
1168,111,3322,1279,32939024
1168,112,3322,1280,32953240
1168,112,3322,1280,32953240
1168,112,3322,1280,32953240
1168,112,3326,1280,32953240
1168,112,3326,1280,32953240
1168,112,3326,1280,32953240
1168,112,3326,1280,32953240
1168,112,3330,1280,32953240
1169,112,3333,1281,32959407
1169,112,3336,1281,32959407
1169,112,3340,1281,32959407
1169,112,3340,1281,32959407
1169,112,3340,1281,32959407
1169,112,3340,1281,32959407
1169,112,3340,1281,32959407
1169,112,3340,1281,32959407
1171,112,3340,1283,33017420
1172,112,3340,1284,33048837
1173,112,3340,1285,33063519
1173,112,3340,1285,33063519
1173,112,3343,1285,33063519
1174,112,3344,1286,33095153
1175,112,3346,1287,33108096
1175,112,3348,1287,33108096
1175,112,3349,1287,33108096
1177,112,3349,1289,33166109
1178,112,3350,1290,33189906
1180,112,3350,1292,33255735
1181,112,3350,1293,33262423
1181,112,3350,1293,33262423
1182,112,3351,1294,33294057
1183,112,3351,1295,33307000
1183,112,3354,1295,33307000
1183,112,3356,1295,33307000
1183,112,3360,1295,33307000
1183,112,3362,1295,33307000
1183,112,3363,1295,33307000
1184,112,3364,1296,33330797
1185,112,3364,1297,33354227
1186,112,3365,1298,33385847
1187,112,3365,1299,33426563
1187,112,3368,1299,33426563
1187,112,3368,1299,33426563
1188,112,3369,1300,33448273
1189,112,3369,1301,33479690
1190,112,3370,1302,33515963
1191,112,3370,1303,33520763
1192,112,3371,1304,33542573
1193,112,3371,1305,33578131
1193,112,3374,1305,33578131
1193,112,3376,1305,33578131
1193,112,3376,1305,33578131
1194,112,3377,1306,33612702
1194,113,3377,1307,33623879
1195,113,3379,1308,33643912
1195,113,3381,1308,33643912
1195,113,3382,1308,33643912
1196,113,3383,1309,33675966
1196,114,3383,1310,33691532
1196,115,3383,1311,33700942
1196,115,3383,1311,33700942
1197,115,3384,1312,33735826
1197,115,3384,1312,33735826
1197,115,3384,1312,33735826
1197,115,3384,1312,33735826
1197,115,3384,1312,33735826
1197,115,3387,1312,33735826
1199,115,3387,1314,33799015
1200,115,3387,1315,33815371
1201,115,3387,1316,33836404
1201,115,3387,1316,33836404
1201,115,3387,1316,33836404
1204,115,3388,1319,33894465
1204,115,3392,1319,33894465
1204,115,3392,1319,33894465
1204,115,3392,1319,33894465
1204,115,3396,1319,33894465
1204,115,3396,1319,33894465
1206,115,3397,1321,33939796
1206,115,3399,1321,33939796
1206,115,3400,1321,33939796
1206,115,3404,1321,33939796
1206,115,3407,1321,33939796
1206,115,3411,1321,33939796
1209,115,3411,1324,34025460
1211,115,3411,1326,34068072
1213,115,3411,1328,34126085
1213,115,3413,1328,34126085
1213,115,3415,1328,34126085
1213,115,3417,1328,34126085
1213,115,3419,1328,34126085
1213,115,3421,1328,34126085
1213,115,3423,1328,34126085
1213,115,3424,1328,34126085
1213,115,3427,1328,34126085
1213,115,3430,1328,34126085
1213,115,3434,1328,34126085
1213,115,3437,1328,34126085
1213,115,3441,1328,34126085
1213,115,3441,1328,34126085
1213,115,3445,1328,34126085
1213,115,3447,1328,34126085
1215,115,3447,1330,34185416
1216,115,3447,1331,34203602
1217,115,3448,1332,34227399
1221,115,3448,1336,34320183
1222,115,3449,1337,34352237
1222,115,3451,1337,34352237
1222,115,3452,1337,34352237
1222,115,3454,1337,34352237
1222,115,3455,1337,34352237
1222,115,3459,1337,34352237
1222,115,3459,1337,34352237
1222,115,3463,1337,34352237
1224,115,3463,1339,34420594
1225,115,3463,1340,34443473
1226,115,3464,1341,34472999
1227,115,3464,1342,34502783
1228,115,3465,1343,34524493
1229,115,3465,1344,34555910
1229,115,3467,1344,34555910
1229,115,3468,1344,34555910
1229,115,3468,1344,34555910
1229,115,3468,1344,34555910
1229,115,3468,1344,34555910
1229,115,3468,1344,34555910
1230,115,3469,1345,34576961
1230,115,3471,1345,34576961
1230,115,3471,1345,34576961
1230,115,3471,1345,34576961
1230,115,3471,1345,34576961
1230,115,3473,1345,34576961
1230,115,3475,1345,34576961
1230,115,3475,1345,34576961
1230,115,3477,1345,34576961
1230,115,3479,1345,34576961
1230,115,3481,1345,34576961
1231,115,3483,1346,34601241
1231,115,3486,1346,34601241
1231,115,3489,1346,34601241
1231,115,3492,1346,34601241
1231,115,3495,1346,34601241
1231,115,3498,1346,34601241
1231,115,3501,1346,34601241
1231,115,3504,1346,34601241
1231,115,3507,1346,34601241
1231,115,3510,1346,34601241
1231,115,3512,1346,34601241
1231,115,3514,1346,34601241
1231,115,3515,1346,34601241
1231,115,3516,1346,34601241
1231,115,3516,1346,34601241
1231,115,3516,1346,34601241
1231,115,3520,1346,34601241
1231,115,3524,1346,34601241
1231,115,3527,1346,34601241
1231,115,3528,1346,34601241
1231,115,3528,1346,34601241
1234,115,3528,1349,34684771
1234,115,3531,1349,34684771
1236,115,3531,1351,34744102
1237,115,3531,1352,34762288
1238,115,3534,1353,34777555
1238,115,3534,1353,34777555
1238,115,3537,1353,34777555
1239,115,3538,1354,34813828
1240,115,3538,1355,34817519
1240,115,3542,1355,34817519
1243,115,3542,1358,34895036
1245,115,3543,1360,34948163
1247,115,3543,1362,35005517
1248,115,3543,1363,35015750
1248,115,3543,1363,35015750
1248,115,3543,1363,35015750
1248,115,3543,1363,35015750
1249,115,3544,1364,35038778
1250,115,3544,1365,35056964
1251,115,3544,1366,35072231
1251,115,3544,1366,35072231
1251,115,3544,1366,35072231
1252,115,3545,1367,35096028
1253,115,3545,1368,35119458
1254,115,3545,1369,35132831
1254,115,3545,1369,35132831
1254,115,3545,1369,35132831
1254,115,3545,1369,35132831
1255,115,3546,1370,35154541
1256,115,3546,1371,35185958
1257,115,3546,1372,35200640
1257,115,3549,1372,35200640
1259,115,3549,1374,35257994
1260,115,3549,1375,35282274
1261,115,3550,1376,35306071
1262,115,3550,1377,35329501
1266,115,3550,1381,35423728
1266,115,3554,1381,35423728
1266,115,3558,1381,35423728
1266,115,3562,1381,35423728
1266,115,3566,1381,35423728
1266,115,3570,1381,35423728
1266,115,3574,1381,35423728
1266,115,3578,1381,35423728
1266,115,3581,1381,35423728
1266,115,3583,1381,35423728
1266,115,3587,1381,35423728
1266,115,3591,1381,35423728
1266,115,3595,1381,35423728
1266,115,3599,1381,35423728
1266,115,3603,1381,35423728
1266,115,3606,1381,35423728
1267,115,3607,1382,35445438
1268,115,3607,1383,35476855
1269,115,3608,1384,35497832
1270,115,3608,1385,35526216
1272,115,3608,1387,35586316
1273,115,3608,1388,35609746
1274,115,3609,1389,35631456
1275,115,3609,1390,35641374
1276,115,3612,1391,35660137
1276,115,3616,1391,35660137
1276,115,3620,1391,35660137
1276,115,3624,1391,35660137
1276,115,3627,1391,35660137
1276,115,3631,1391,35660137
1276,115,3634,1391,35660137
1276,115,3636,1391,35660137
1276,115,3640,1391,35660137
1276,115,3644,1391,35660137
1276,115,3648,1391,35660137
1276,115,3652,1391,35660137
1276,115,3656,1391,35660137
1276,115,3659,1391,35660137
1277,115,3660,1392,35687023
1278,115,3660,1393,35703379
1279,115,3660,1394,35724412
1282,115,3660,1397,35801929
1282,115,3662,1397,35801929
1282,115,3665,1397,35801929
1283,115,3665,1398,35817196
1283,115,3665,1398,35817196
1283,115,3665,1398,35817196
1284,115,3666,1399,35838906
1285,115,3666,1400,35870323
1287,115,3666,1402,35928336
1288,115,3666,1403,35959753
1289,115,3667,1404,35982781
1290,115,3667,1405,35998395
1291,115,3667,1406,36026872
1292,115,3668,1407,36060712
1292,115,3668,1407,36060712
1292,115,3670,1407,36060712
1293,115,3671,1408,36090238
1294,115,3671,1409,36120022
1294,115,3671,1409,36120022
1294,115,3671,1409,36120022
1294,115,3674,1409,36120022
1294,115,3674,1409,36120022
1294,115,3677,1409,36120022
1295,115,3678,1410,36138953
1295,115,3678,1410,36138953
1295,115,3678,1410,36138953
1295,115,3678,1410,36138953
1295,115,3678,1410,36138953
1295,115,3678,1410,36138953
1295,115,3678,1410,36138953
1295,115,3680,1410,36138953
1295,115,3680,1410,36138953
1295,115,3680,1410,36138953
1295,115,3680,1410,36138953
1295,115,3680,1410,36138953
1296,115,3681,1411,36160004
1299,115,3682,1414,36234088
1299,115,3686,1414,36234088
1299,115,3688,1414,36234088
1300,115,3690,1415,36242635
1301,115,3690,1416,36278938
1302,115,3691,1417,36313509
1303,115,3691,1418,36329160
1304,115,3691,1419,36338320
1305,115,3692,1420,36360030
1306,115,3692,1421,36369948
1307,115,3694,1422,36401365
1307,115,3696,1422,36401365
1307,115,3696,1422,36401365
1307,115,3696,1422,36401365
1307,115,3696,1422,36401365
1307,115,3699,1422,36401365
1308,115,3702,1423,36416047
1308,115,3702,1423,36416047
1308,115,3702,1423,36416047
1308,115,3703,1423,36416047
1308,115,3706,1423,36416047
1308,115,3708,1423,36416047
1308,115,3709,1423,36416047
1308,115,3710,1423,36416047
1309,115,3711,1424,36451103
1309,115,3713,1424,36451103
1309,115,3714,1424,36451103
1309,115,3716,1424,36451103
1309,115,3717,1424,36451103
1309,115,3717,1424,36451103
1309,115,3717,1424,36451103
1309,115,3717,1424,36451103
1309,115,3717,1424,36451103
1311,115,3717,1426,36523679
1312,115,3717,1427,36528479
1313,115,3717,1428,36545330
1313,115,3717,1428,36545330
1313,115,3717,1428,36545330
1313,115,3717,1428,36545330
1314,115,3718,1429,36569127
1315,115,3718,1430,36592557
1316,115,3719,1431,36614267
1317,115,3719,1432,36645684
1317,115,3722,1432,36645684
1317,115,3725,1432,36645684
1318,115,3726,1433,36668712
1319,115,3726,1434,36686898
1320,115,3726,1435,36702165
1320,115,3726,1435,36702165
1320,115,3726,1435,36702165
1320,115,3729,1435,36702165
1321,115,3729,1436,36716847
1321,115,3729,1436,36716847
1323,115,3729,1438,36776178
1324,115,3729,1439,36794364
1325,115,3730,1440,36816074
1326,115,3730,1441,36847491
1326,115,3732,1441,36847491
1326,115,3733,1441,36847491
1326,115,3735,1441,36847491
1326,115,3736,1441,36847491
1326,115,3737,1441,36847491
1326,115,3741,1441,36847491
1326,115,3741,1441,36847491
1326,115,3741,1441,36847491
1326,115,3741,1441,36847491
1326,115,3743,1441,36847491
1326,115,3744,1441,36847491
1328,115,3744,1443,36907591
1329,115,3744,1444,36931021
1330,115,3745,1445,36962641
1331,115,3745,1446,37003357
1331,115,3748,1446,37003357
1331,115,3751,1446,37003357
1331,115,3751,1446,37003357
1331,115,3751,1446,37003357
1331,115,3751,1446,37003357
1331,115,3754,1446,37003357
1331,115,3757,1446,37003357
1333,115,3757,1448,37075933
1334,115,3758,1449,37097643
1335,115,3758,1450,37129060
1335,115,3760,1450,37129060
1335,115,3761,1450,37129060
1335,115,3762,1450,37129060
1335,115,3762,1450,37129060
1335,115,3762,1450,37129060
1335,115,3762,1450,37129060
1336,115,3763,1451,37150037
1337,115,3763,1452,37178421
1338,115,3763,1453,37197184
1339,115,3764,1454,37220981
1340,115,3764,1455,37233070
1340,115,3764,1455,37233070
1340,115,3766,1455,37233070
1340,115,3769,1455,37233070
1340,115,3772,1455,37233070
1340,115,3775,1455,37233070
1341,115,3776,1456,37265330
1341,115,3779,1456,37265330
1342,115,3779,1457,37282999
1342,115,3779,1457,37282999
1342,115,3779,1457,37282999
1342,115,3779,1457,37282999
1343,115,3780,1458,37317570
1344,115,3780,1459,37328746
1344,115,3783,1459,37328746
1344,115,3786,1459,37328746
1344,115,3789,1459,37328746
1345,115,3790,1460,37355632
1345,116,3790,1461,37373299
1345,117,3790,1462,37386375
1347,117,3790,1464,37445706
1348,117,3790,1465,37463892
1349,117,3790,1466,37479159
1349,117,3790,1466,37479159
1349,117,3790,1466,37479159
1350,117,3791,1467,37498090
1350,117,3791,1467,37498090
1350,117,3791,1467,37498090
1350,117,3791,1467,37498090
1350,117,3791,1467,37498090
1350,117,3791,1467,37498090
1350,117,3791,1467,37498090
1350,117,3791,1467,37498090
1350,117,3791,1467,37498090
1350,117,3791,1467,37498090
1350,117,3791,1467,37498090
1351,117,3792,1468,37519141
1352,117,3792,1469,37543421
1352,117,3792,1469,37543421
1352,117,3792,1469,37543421
1352,117,3792,1469,37543421
1352,117,3792,1469,37543421
1352,117,3795,1469,37543421
1352,117,3796,1469,37543421
1352,117,3798,1469,37543421
1352,117,3799,1469,37543421
1352,117,3799,1469,37543421
1352,117,3799,1469,37543421
1353,117,3800,1470,37565131
1354,117,3800,1471,37596548
1354,117,3802,1471,37596548
1354,117,3803,1471,37596548
1356,117,3803,1473,37653828
1357,117,3803,1474,37682212
1358,117,3803,1475,37700975
1359,117,3804,1476,37732595
1359,118,3806,1477,37745205
1359,118,3808,1477,37745205
1359,118,3811,1477,37745205
1359,118,3813,1477,37745205
1359,118,3814,1477,37745205
1359,118,3816,1477,37745205
1359,118,3817,1477,37745205
1359,118,3819,1477,37745205
1359,118,3820,1477,37745205
1359,118,3822,1477,37745205
1359,118,3824,1477,37745205
1359,118,3825,1477,37745205
1359,118,3828,1477,37745205
1359,118,3831,1477,37745205
1360,118,3832,1478,37779776
1360,118,3835,1478,37779776
1360,118,3836,1478,37779776
1362,118,3836,1480,37837789
1363,118,3836,1481,37869206
1364,118,3837,1482,37890183
1365,118,3837,1483,37918567
1366,118,3837,1484,37937330
1366,118,3837,1484,37937330
1366,118,3837,1484,37937330
1368,118,3837,1486,37994610
1369,118,3837,1487,38016010
1370,118,3837,1488,38031694
1370,118,3837,1488,38031694
1370,118,3837,1488,38031694
1370,118,3840,1488,38031694
1370,118,3841,1488,38031694
1370,118,3841,1488,38031694
1374,118,3841,1492,38135806
1374,118,3841,1492,38135806
1374,118,3844,1492,38135806
1375,118,3845,1493,38158834
1376,118,3847,1494,38177020
1376,118,3849,1494,38177020
1376,118,3850,1494,38177020
1376,118,3851,1494,38177020
1376,118,3851,1494,38177020
1376,118,3851,1494,38177020
1376,118,3854,1494,38177020
1376,118,3858,1494,38177020
1376,118,3862,1494,38177020
1376,118,3866,1494,38177020
1376,118,3870,1494,38177020
1376,118,3874,1494,38177020
1376,118,3877,1494,38177020
1376,118,3880,1494,38177020
1376,118,3882,1494,38177020
1378,118,3882,1496,38237120
1379,118,3882,1497,38260550
1380,118,3882,1498,38273923
1380,118,3885,1498,38273923
1381,118,3886,1499,38295633
1382,118,3886,1500,38327050
1383,118,3887,1501,38362106
1385,118,3887,1503,38430609
1386,118,3887,1504,38456938
1386,118,3887,1504,38456938
1386,118,3887,1504,38456938
1386,118,3887,1504,38456938
1386,118,3890,1504,38456938
1386,118,3893,1504,38456938
1386,118,3896,1504,38456938
1386,118,3899,1504,38456938
1386,118,3902,1504,38456938
1386,118,3905,1504,38456938
1386,118,3908,1504,38456938
1386,118,3911,1504,38456938
1386,118,3914,1504,38456938
1386,118,3917,1504,38456938
1386,118,3919,1504,38456938
1386,118,3922,1504,38456938
1386,118,3925,1504,38456938
1386,118,3928,1504,38456938
1386,118,3931,1504,38456938
1386,118,3934,1504,38456938
1386,118,3937,1504,38456938
1386,118,3940,1504,38456938
1386,118,3943,1504,38456938
1388,118,3944,1506,38510065
1388,118,3946,1506,38510065
1388,118,3948,1506,38510065
1388,118,3949,1506,38510065
1389,118,3950,1507,38531775
1390,118,3950,1508,38563192
1391,118,3953,1509,38577874
1391,118,3957,1509,38577874
1391,118,3961,1509,38577874
1391,118,3965,1509,38577874
1391,118,3969,1509,38577874
1391,118,3973,1509,38577874
1391,118,3977,1509,38577874
1391,118,3981,1509,38577874
1391,118,3985,1509,38577874
1391,118,3989,1509,38577874
1391,118,3993,1509,38577874
1391,118,3997,1509,38577874
1391,118,4001,1509,38577874
1391,118,4004,1509,38577874
1391,118,4008,1509,38577874
1391,118,4012,1509,38577874
1391,118,4016,1509,38577874
1391,118,4020,1509,38577874
1391,118,4024,1509,38577874
1391,118,4028,1509,38577874
1391,118,4032,1509,38577874
1391,118,4032,1509,38577874
1391,118,4032,1509,38577874
1391,118,4035,1509,38577874
1391,118,4039,1509,38577874
1391,118,4043,1509,38577874
1391,118,4047,1509,38577874
1391,118,4051,1509,38577874
1391,118,4055,1509,38577874
1392,118,4056,1510,38604760
1393,118,4056,1511,38621116
1394,118,4059,1512,38642149
1394,118,4059,1512,38642149
1394,118,4059,1512,38642149
1394,118,4059,1512,38642149
1394,118,4062,1512,38642149
1394,118,4066,1512,38642149
1394,118,4066,1512,38642149
1394,118,4070,1512,38642149
1395,118,4071,1513,38674409
1395,118,4073,1513,38674409
1395,118,4073,1513,38674409
1395,118,4073,1513,38674409
1395,118,4073,1513,38674409
1397,118,4073,1515,38746985
1398,118,4073,1516,38751785
1399,118,4073,1517,38768636
1399,118,4073,1517,38768636
1399,118,4073,1517,38768636
1399,118,4073,1517,38768636
1399,118,4077,1517,38768636
1399,118,4081,1517,38768636
1399,118,4085,1517,38768636
1399,118,4085,1517,38768636
1400,118,4086,1518,38792433
1400,118,4086,1518,38792433
1402,118,4086,1520,38852533
1403,118,4087,1521,38875561
1404,118,4087,1522,38893747
1406,118,4087,1524,38953078
1407,118,4087,1525,38971264
1408,118,4087,1526,38986531
1408,118,4087,1526,38986531
1408,118,4087,1526,38986531
1409,118,4088,1527,39008241
1410,118,4088,1528,39039658
1410,118,4090,1528,39039658
1410,118,4091,1528,39039658
1412,118,4091,1530,39097671
1412,118,4091,1530,39097671
1413,118,4092,1531,39129871
1413,118,4092,1531,39129871
1413,118,4092,1531,39129871
1413,118,4094,1531,39129871
1415,118,4094,1533,39200745
1415,118,4094,1533,39200745
1415,118,4094,1533,39200745
1415,118,4094,1533,39200745
1416,118,4095,1534,39221796
1417,118,4095,1535,39247903
1417,118,4098,1535,39247903
1417,118,4101,1535,39247903
1418,118,4102,1536,39280103
1418,118,4102,1536,39280103
1418,118,4102,1536,39280103
1418,118,4102,1536,39280103
1418,118,4104,1536,39280103
1418,118,4106,1536,39280103
1418,118,4106,1536,39280103
1418,118,4108,1536,39280103
1418,118,4108,1536,39280103
1418,118,4108,1536,39280103
1418,118,4108,1536,39280103
1418,118,4110,1536,39280103
1418,118,4112,1536,39280103
1418,118,4112,1536,39280103
1418,118,4112,1536,39280103
1418,118,4112,1536,39280103
1418,118,4112,1536,39280103
1420,118,4112,1538,39338116
1421,118,4112,1539,39369533
1422,118,4113,1540,39405806
1424,118,4113,1542,39463086
1425,118,4114,1543,39496926
1426,118,4114,1544,39506117
1426,118,4114,1544,39506117
1426,118,4116,1544,39506117
1429,118,4116,1547,39584558
1431,118,4117,1549,39635041
1433,118,4117,1551,39693054
1434,118,4117,1552,39724471
1435,118,4118,1553,39760744
1436,118,4118,1554,39765544
1437,118,4118,1555,39782395
1437,118,4118,1555,39782395
1437,118,4118,1555,39782395
1437,118,4118,1555,39782395
1437,118,4118,1555,39782395
1437,118,4118,1555,39782395
1437,118,4122,1555,39782395
1437,118,4126,1555,39782395
1437,118,4130,1555,39782395
1437,118,4134,1555,39782395
1437,118,4138,1555,39782395
1437,118,4142,1555,39782395
1437,118,4146,1555,39782395
1437,118,4149,1555,39782395
1437,118,4151,1555,39782395
1437,118,4155,1555,39782395
1437,118,4159,1555,39782395
1437,118,4163,1555,39782395
1437,118,4167,1555,39782395
1437,118,4171,1555,39782395
1437,118,4175,1555,39782395
1437,118,4178,1555,39782395
1438,118,4181,1556,39797077
1440,118,4181,1558,39865014
1440,118,4181,1558,39865014
1441,118,4181,1559,39901317
1445,118,4181,1563,39998220
1445,118,4185,1563,39998220
1445,118,4189,1563,39998220
1445,118,4193,1563,39998220
1445,118,4197,1563,39998220
1445,118,4201,1563,39998220
1445,118,4205,1563,39998220
1445,118,4209,1563,39998220
1445,118,4213,1563,39998220
1445,118,4217,1563,39998220
1445,118,4221,1563,39998220
1446,118,4222,1564,40031713
1446,119,4222,1565,40043918
1446,119,4222,1565,40043918
1446,119,4222,1565,40043918
1446,119,4222,1565,40043918
1447,119,4223,1566,40065628
1448,119,4223,1567,40097045
1452,119,4223,1571,40199774
1452,119,4226,1571,40199774
1452,119,4229,1571,40199774
1452,119,4232,1571,40199774
1452,119,4234,1571,40199774
1453,119,4235,1572,40221484
1454,119,4237,1573,40250257
1454,119,4240,1573,40250257
1454,119,4242,1573,40250257
1455,119,4243,1574,40285313
1455,119,4243,1574,40285313
1456,119,4244,1575,40320197
1456,119,4244,1575,40320197
1456,119,4244,1575,40320197
1456,119,4246,1575,40320197
1456,119,4247,1575,40320197
1456,119,4249,1575,40320197
1456,119,4250,1575,40320197
1456,119,4251,1575,40320197
1457,119,4252,1576,40342007
1458,119,4252,1577,40362040
1458,119,4255,1577,40362040
1458,119,4257,1577,40362040
1458,119,4260,1577,40362040
1458,119,4261,1577,40362040
1459,119,4262,1578,40393660
1460,119,4262,1579,40403600
1460,119,4264,1579,40403600
1460,119,4264,1579,40403600
1460,119,4264,1579,40403600
1460,119,4264,1579,40403600
1460,119,4264,1579,40403600
1460,119,4268,1579,40403600
1461,119,4269,1580,40430486
1462,119,4271,1581,40446842
1463,119,4271,1582,40467875
1463,119,4274,1582,40467875
1463,119,4278,1582,40467875
1463,119,4278,1582,40467875
1463,119,4278,1582,40467875
1464,119,4279,1583,40489585
1465,119,4279,1584,40521002
1466,119,4282,1585,40535684
1466,119,4286,1585,40535684
1466,119,4290,1585,40535684
1467,119,4291,1586,40559481
1467,119,4291,1586,40559481
1467,119,4291,1586,40559481
1469,119,4291,1588,40627404
1470,119,4292,1589,40662711
1470,119,4292,1589,40662711
1471,119,4293,1590,40687032
1474,119,4294,1593,40744956
1474,119,4298,1593,40744956
1475,119,4300,1594,40763552
1476,119,4300,1595,40794719
1477,119,4301,1596,40829290
1478,119,4301,1597,40844941
1479,119,4301,1598,40854101
1480,119,4302,1599,40890374
1480,119,4302,1599,40890374
1481,119,4304,1600,40895174
1481,119,4308,1600,40895174
1481,119,4312,1600,40895174
1481,119,4315,1600,40895174
1483,119,4315,1602,40953187
1484,119,4315,1603,40984604
1485,119,4316,1604,41006414
1486,119,4316,1605,41041972
1486,119,4318,1605,41041972
1486,119,4320,1605,41041972
1486,119,4322,1605,41041972
1486,119,4324,1605,41041972
1486,119,4326,1605,41041972
1486,119,4328,1605,41041972
1486,119,4330,1605,41041972
1486,119,4332,1605,41041972
1486,119,4334,1605,41041972
1486,119,4336,1605,41041972
1486,119,4338,1605,41041972
1486,119,4342,1605,41041972
1486,119,4346,1605,41041972
1487,119,4347,1606,41076543
1487,119,4347,1606,41076543
1487,119,4347,1606,41076543
1487,119,4347,1606,41076543
1487,119,4347,1606,41076543
1487,119,4350,1606,41076543
1489,119,4350,1608,41145046
1490,119,4350,1609,41171375
1492,119,4350,1611,41243951
1492,119,4350,1611,41243951
1495,119,4351,1614,41300432
1495,119,4353,1614,41300432
1495,119,4354,1614,41300432
1495,119,4356,1614,41300432
1495,119,4357,1614,41300432
1495,119,4358,1614,41300432
1497,119,4358,1616,41368369
1497,119,4358,1616,41368369
1497,119,4358,1616,41368369
1497,119,4358,1616,41368369
1497,119,4358,1616,41368369
1497,119,4358,1616,41368369
1497,119,4358,1616,41368369
1498,119,4359,1617,41402209
1498,119,4359,1617,41402209
1498,119,4359,1617,41402209
1498,119,4359,1617,41402209
1498,119,4359,1617,41402209
1498,119,4361,1617,41402209
1498,119,4361,1617,41402209
1498,119,4363,1617,41402209
1498,119,4364,1617,41402209
1498,119,4366,1617,41402209
1498,119,4366,1617,41402209
1498,119,4366,1617,41402209
1498,119,4366,1617,41402209
1499,119,4367,1618,41423260
1500,119,4367,1619,41447540
1500,119,4367,1619,41447540
1500,119,4367,1619,41447540
1500,119,4367,1619,41447540
1500,119,4367,1619,41447540
1500,119,4369,1619,41447540
1500,119,4370,1619,41447540
1500,119,4371,1619,41447540
1501,119,4372,1620,41479740
1502,119,4372,1621,41514733
1503,119,4372,1622,41520900
1503,119,4372,1622,41520900
1503,119,4372,1622,41520900
1503,119,4376,1622,41520900
1503,119,4378,1622,41520900
1503,119,4379,1622,41520900
1503,119,4381,1622,41520900
1503,119,4382,1622,41520900
1505,119,4382,1624,41591774
1506,120,4383,1626,41633851
1508,120,4383,1628,41693951
1509,120,4383,1629,41706040
1510,120,4384,1630,41740611
1511,120,4384,1631,41751787
1513,120,4384,1633,41822661
1514,120,4385,1634,41854295
1515,120,4385,1635,41864737
1517,120,4385,1637,41924837
1518,120,4385,1638,41948267
1519,120,4386,1639,41971295
1520,120,4386,1640,41989481
1521,120,4386,1641,42004748
1521,120,4386,1641,42004748
1521,120,4386,1641,42004748
1521,120,4388,1641,42004748
1521,120,4389,1641,42004748
1521,120,4391,1641,42004748
1522,120,4391,1642,42036165
1524,120,4391,1644,42093445
1524,120,4391,1644,42093445
1524,120,4391,1644,42093445
1526,120,4391,1646,42153545
1527,120,4391,1647,42176975
1528,120,4392,1648,42208595
1529,120,4392,1649,42249311
1529,120,4392,1649,42249311
1529,120,4394,1649,42249311
1529,120,4395,1649,42249311
1529,120,4396,1649,42249311
1529,120,4396,1649,42249311
1529,120,4396,1649,42249311
1529,120,4398,1649,42249311
1529,120,4399,1649,42249311
1530,120,4400,1650,42278837
1531,120,4400,1651,42285525
1535,120,4400,1655,42389637
1538,120,4401,1658,42446118
1538,120,4401,1658,42446118
1538,120,4401,1658,42446118
1540,120,4401,1660,42506218
1541,120,4402,1661,42527928
1542,120,4402,1662,42559345
1543,120,4405,1663,42574027
1543,120,4407,1663,42574027
1545,120,4407,1665,42644901
1545,120,4407,1665,42644901
1545,120,4407,1665,42644901
1546,120,4408,1666,42668698
1548,120,4408,1668,42734527
1549,120,4408,1669,42743074
1550,120,4408,1670,42760743
1550,120,4408,1670,42760743
1550,120,4408,1670,42760743
1550,120,4408,1670,42760743
1551,120,4409,1671,42782453
1552,120,4410,1672,42809339
1553,120,4410,1673,42827005
1554,120,4413,1674,42840080
1554,120,4416,1674,42840080
1554,120,4420,1674,42840080
1555,120,4421,1675,42863108
1556,120,4421,1676,42878722
1557,120,4421,1677,42907199
1557,120,4423,1677,42907199
1558,120,4423,1678,42936983
1558,120,4425,1678,42936983
1558,120,4425,1678,42936983
1558,120,4425,1678,42936983
1560,120,4425,1680,43009559
1561,120,4425,1681,43014915
1561,120,4425,1681,43014915
1561,120,4427,1681,43014915
1561,120,4430,1681,43014915
1562,120,4431,1682,43036625
1563,120,4431,1683,43068042
1565,120,4431,1685,43131231
1566,120,4431,1686,43146990
1566,120,4431,1686,43146990
1566,120,4431,1686,43146990
1566,120,4431,1686,43146990
1567,120,4432,1687,43168700
1568,120,4432,1688,43200117
1569,120,4432,1689,43214799
1571,120,4432,1691,43274899
1572,120,4432,1692,43298329
1573,120,4432,1693,43311702
1573,120,4432,1693,43311702
1574,120,4433,1694,43333412
1575,120,4433,1695,43364829
1575,120,4437,1695,43364829
1575,120,4437,1695,43364829
1575,120,4437,1695,43364829
1575,120,4439,1695,43364829
1575,120,4439,1695,43364829
1577,120,4439,1697,43424160
1578,120,4439,1698,43442346
1579,120,4439,1699,43457613
1579,120,4439,1699,43457613
1579,120,4439,1699,43457613
1579,120,4439,1699,43457613
1579,120,4439,1699,43457613
1579,120,4439,1699,43457613
1579,120,4442,1699,43457613
1579,120,4443,1699,43457613
1580,120,4444,1700,43479323
1581,120,4444,1701,43510740
1582,120,4444,1702,43547043
1584,120,4444,1704,43605056
1585,120,4444,1705,43620481
1586,120,4445,1706,43650007
1587,120,4445,1707,43656695
1587,120,4445,1707,43656695
1587,120,4445,1707,43656695
1589,120,4445,1709,43714708
1590,120,4445,1710,43746125
1591,120,4446,1711,43781009
1591,120,4446,1711,43781009
1591,120,4446,1711,43781009
1591,120,4446,1711,43781009
1593,120,4446,1713,43839022
1594,120,4446,1714,43867795
1595,120,4446,1715,43893440
1595,120,4446,1715,43893440
1596,120,4447,1716,43914491
1597,120,4447,1717,43938771
1597,120,4447,1717,43938771
1597,120,4447,1717,43938771
1597,120,4447,1717,43938771
1597,120,4447,1717,43938771
1597,120,4449,1717,43938771
1598,120,4449,1718,43970188
1600,120,4449,1720,44028201
1601,120,4449,1721,44059618
1602,120,4452,1722,44074300
1602,120,4456,1722,44074300
1602,120,4460,1722,44074300
1602,120,4464,1722,44074300
1602,120,4468,1722,44074300
1602,120,4472,1722,44074300
1602,120,4476,1722,44074300
1602,120,4480,1722,44074300
1602,120,4484,1722,44074300
1602,120,4488,1722,44074300
1602,120,4492,1722,44074300
1602,120,4496,1722,44074300
1602,120,4500,1722,44074300
1602,120,4504,1722,44074300
1602,120,4507,1722,44074300
1602,120,4510,1722,44074300
1602,120,4513,1722,44074300
1602,120,4515,1722,44074300
1602,120,4519,1722,44074300
1602,120,4519,1722,44074300
1603,120,4519,1723,44110603
1605,120,4519,1725,44169934
1606,120,4519,1726,44185548
1607,120,4519,1727,44214025
1607,120,4519,1727,44214025
1607,120,4519,1727,44214025
1607,120,4519,1727,44214025
1608,120,4520,1728,44250298
1609,120,4520,1729,44255098
1610,120,4520,1730,44271949
1610,120,4520,1730,44271949
1610,120,4520,1730,44271949
1610,120,4520,1730,44271949
1612,120,4520,1732,44331280
1613,120,4520,1733,44350390
1614,120,4523,1734,44374678
1614,120,4527,1734,44374678
1615,120,4529,1735,44392864
1616,120,4529,1736,44408131
1616,120,4529,1736,44408131
1616,120,4529,1736,44408131
1618,120,4529,1738,44466144
1619,120,4529,1739,44481569
1620,120,4529,1740,44500033
1621,120,4530,1741,44529559
1622,120,4530,1742,44536247
1624,120,4530,1744,44602076
1625,120,4530,1745,44608764
1626,120,4531,1746,44640964
1627,120,4531,1747,44675957
1629,120,4531,1749,44735288
1629,120,4533,1749,44735288
1629,120,4535,1749,44735288
1629,120,4537,1749,44735288
1630,120,4538,1750,44756998
1631,120,4539,1751,44786524
1632,120,4539,1752,44793212
1632,120,4542,1752,44793212
1632,120,4545,1752,44793212
1636,120,4545,1756,44885114
1638,120,4545,1758,44943127
1639,120,4545,1759,44974544
1640,120,4546,1760,45006164
1641,120,4546,1761,45046880
1641,120,4546,1761,45046880
1641,120,4546,1761,45046880
1641,120,4546,1761,45046880
1641,120,4546,1761,45046880
1641,120,4546,1761,45046880
1643,120,4546,1763,45110069
1643,120,4546,1763,45110069
1645,120,4546,1765,45181428
1646,120,4547,1766,45202479
1647,120,4547,1767,45226759
1648,120,4548,1768,45248469
1649,120,4548,1769,45279886
1649,120,4551,1769,45279886
1651,120,4551,1771,45337899
1652,120,4553,1772,45372353
1653,120,4553,1773,45394983
1653,120,4556,1773,45394983
1654,120,4557,1774,45431256
1655,120,4557,1775,45436056
1657,120,4557,1777,45506930
1659,120,4558,1779,45554157
1660,120,4559,1780,45590430
1661,120,4560,1781,45612240
1662,120,4560,1782,45632273
1663,120,4560,1783,45660907
1664,120,4561,1784,45684704
1665,120,4561,1785,45708134
1665,120,4563,1785,45708134
1665,120,4564,1785,45708134
1665,120,4566,1785,45708134
1665,120,4567,1785,45708134
1665,120,4568,1785,45708134
1665,121,4570,1786,45732701
1665,122,4570,1787,45748992
1665,122,4570,1787,45748992
1667,122,4570,1789,45814821
1668,122,4570,1790,45821509
1669,122,4571,1791,45845306
1669,122,4574,1791,45845306
1672,122,4574,1794,45923747
1672,122,4576,1794,45923747
1673,122,4579,1795,45948035
1673,122,4581,1795,45948035
1673,122,4582,1795,45948035
1673,122,4584,1795,45948035
1673,122,4585,1795,45948035
1673,122,4586,1795,45948035
1673,122,4586,1795,45948035
1673,122,4586,1795,45948035
1675,122,4586,1797,46006048
1676,122,4586,1798,46037465
1677,122,4589,1799,46052147
1677,122,4589,1799,46052147
1677,122,4593,1799,46052147
1678,122,4594,1800,46088420
1679,122,4594,1801,46093220
1680,122,4594,1802,46110071
1680,122,4596,1802,46110071
1680,122,4597,1802,46110071
1680,122,4600,1802,46110071
1680,122,4603,1802,46110071
1680,122,4607,1802,46110071
1680,122,4610,1802,46110071
1680,122,4614,1802,46110071
1680,122,4614,1802,46110071
1680,122,4614,1802,46110071
1680,122,4617,1802,46110071
1680,122,4620,1802,46110071
1680,122,4621,1802,46110071
1680,122,4621,1802,46110071
1680,122,4625,1802,46110071
1681,122,4626,1803,46133868
1682,122,4626,1804,46157298
1683,122,4626,1805,46170671
1685,122,4626,1807,46230771
1686,122,4626,1808,46254201
1687,122,4627,1809,46285821
1688,122,4627,1810,46326537
1688,122,4627,1810,46326537
1690,122,4627,1812,46395040
1691,122,4627,1813,46421369
1692,122,4628,1814,46445166
1692,122,4628,1814,46445166
1693,122,4629,1815,46474692
1694,122,4629,1816,46481380
1696,122,4629,1818,46541480
1697,122,4629,1819,46564910
1698,122,4632,1820,46578283
1698,122,4632,1820,46578283
1698,122,4632,1820,46578283
1699,122,4633,1821,46599993
1700,122,4633,1822,46631410
1702,122,4633,1824,46689423
1703,122,4633,1825,46720840
1704,122,4633,1826,46735522
1704,122,4636,1826,46735522
1704,122,4637,1826,46735522
1704,122,4637,1826,46735522
1704,122,4637,1826,46735522
1704,122,4637,1826,46735522
1704,122,4637,1826,46735522
1704,122,4641,1826,46735522
1704,122,4645,1826,46735522
1704,122,4649,1826,46735522
1704,122,4649,1826,46735522
1705,122,4650,1827,46771795
1705,122,4650,1827,46771795
1705,122,4650,1827,46771795
1705,122,4650,1827,46771795
1705,122,4650,1827,46771795
1705,122,4650,1827,46771795
1705,122,4650,1827,46771795
1705,122,4650,1827,46771795
1705,122,4652,1827,46771795
1705,122,4652,1827,46771795
1705,122,4652,1827,46771795
1705,122,4652,1827,46771795
1705,122,4652,1827,46771795
1705,122,4652,1827,46771795
1705,122,4652,1827,46771795
1705,122,4652,1827,46771795
1705,122,4652,1827,46771795
1706,122,4653,1828,46801321
1707,122,4653,1829,46831105
1707,122,4656,1829,46831105
1707,122,4656,1829,46831105
1707,122,4656,1829,46831105
1707,122,4659,1829,46831105
1707,122,4662,1829,46831105
1707,122,4665,1829,46831105
1707,122,4668,1829,46831105
1707,122,4668,1829,46831105
1707,122,4668,1829,46831105
1710,122,4669,1832,46898224
1710,122,4673,1832,46898224
1710,122,4677,1832,46898224
1710,122,4681,1832,46898224
1710,122,4685,1832,46898224
1710,122,4689,1832,46898224
1710,122,4693,1832,46898224
1710,122,4697,1832,46898224
1710,122,4701,1832,46898224
1710,122,4705,1832,46898224
1710,122,4705,1832,46898224
1710,122,4705,1832,46898224
1710,122,4705,1832,46898224
1710,122,4705,1832,46898224
1710,122,4705,1832,46898224
1710,122,4705,1832,46898224
1710,122,4709,1832,46898224
1710,122,4709,1832,46898224
1710,122,4713,1832,46898224
1710,122,4717,1832,46898224
1710,122,4721,1832,46898224
1710,122,4725,1832,46898224
1710,122,4729,1832,46898224
1710,122,4733,1832,46898224
1710,122,4737,1832,46898224
1710,122,4741,1832,46898224
1710,122,4745,1832,46898224
1710,122,4749,1832,46898224
1710,122,4753,1832,46898224
1710,122,4757,1832,46898224
1710,122,4761,1832,46898224
1712,122,4761,1834,46964053
1713,122,4761,1835,46993837
1714,122,4762,1836,47015547
1715,122,4762,1837,47046964
1715,122,4765,1837,47046964
1715,122,4768,1837,47046964
1715,122,4771,1837,47046964
1715,122,4774,1837,47046964
1715,122,4777,1837,47046964
1715,122,4779,1837,47046964
1715,122,4782,1837,47046964
1715,122,4784,1837,47046964
1715,122,4787,1837,47046964
1715,122,4790,1837,47046964
1715,122,4793,1837,47046964
1715,122,4796,1837,47046964
1718,122,4797,1840,47113447
1718,122,4800,1840,47113447
1718,122,4802,1840,47113447
1718,122,4804,1840,47113447
1718,122,4805,1840,47113447
1718,122,4806,1840,47113447
1718,122,4806,1840,47113447
1718,122,4810,1840,47113447
1718,122,4814,1840,47113447
1718,122,4817,1840,47113447
1721,122,4817,1843,47202877
1724,122,4817,1846,47292307
1726,122,4817,1848,47352407
1727,122,4817,1849,47375837
1728,122,4818,1850,47398865
1729,122,4818,1851,47417051
1731,122,4818,1853,47477151
1732,122,4819,1854,47498861
1733,122,4820,1855,47521889
1734,122,4820,1856,47540075
1735,122,4820,1857,47555342
1737,122,4820,1859,47614673
1737,122,4820,1859,47614673
1737,122,4820,1859,47614673
1737,122,4820,1859,47614673
1737,122,4820,1859,47614673
1737,122,4820,1859,47614673
1737,122,4820,1859,47614673
1738,122,4821,1860,47636383
1739,122,4821,1861,47651808
1740,122,4821,1862,47670272
1740,122,4821,1862,47670272
1740,122,4821,1862,47670272
1740,122,4821,1862,47670272
1740,122,4821,1862,47670272
1740,122,4821,1862,47670272
1743,122,4822,1865,47728196
1743,122,4825,1865,47728196
1743,122,4829,1865,47728196
1743,122,4833,1865,47728196
1743,122,4836,1865,47728196
1743,122,4838,1865,47728196
1743,122,4842,1865,47728196
1743,122,4846,1865,47728196
1743,122,4850,1865,47728196
1743,122,4854,1865,47728196
1743,122,4858,1865,47728196
1743,122,4862,1865,47728196
1743,122,4866,1865,47728196
1743,122,4870,1865,47728196
1743,122,4874,1865,47728196
1745,122,4874,1867,47800772
1745,122,4874,1867,47800772
1745,122,4874,1867,47800772
1745,122,4874,1867,47800772
1745,122,4874,1867,47800772
1745,122,4874,1867,47800772
1745,122,4874,1867,47800772
1745,122,4874,1867,47800772
1745,122,4874,1867,47800772
1746,122,4875,1868,47822482
1747,122,4875,1869,47851255
1748,122,4875,1870,47876900
1748,122,4875,1870,47876900
1748,122,4875,1870,47876900
1748,122,4875,1870,47876900
1750,122,4875,1872,47934913
1751,122,4875,1873,47966330
1752,122,4875,1874,47981012
1752,122,4875,1874,47981012
1753,122,4876,1875,48017285
1754,122,4876,1876,48022085
1755,122,4876,1877,48038936
1755,122,4876,1877,48038936
1756,122,4877,1878,48073820
1756,122,4879,1878,48073820
1758,122,4879,1880,48142323
1759,122,4879,1881,48169186
1759,122,4881,1881,48169186
1761,122,4881,1883,48241762
1761,122,4883,1883,48241762
1761,122,4885,1883,48241762
1761,122,4887,1883,48241762
1762,122,4888,1884,48263472
1763,122,4888,1885,48278897
1763,122,4890,1885,48278897
1763,122,4890,1885,48278897
1765,122,4890,1887,48337010
1766,122,4890,1888,48357043
1766,122,4893,1888,48357043
1767,122,4894,1889,48378020
1768,122,4894,1890,48406404
1770,122,4894,1892,48472233
1771,122,4894,1893,48478921
1772,122,4895,1894,48501949
1773,122,4895,1895,48517563
1774,122,4895,1896,48546040
1774,122,4899,1896,48546040
1774,122,4903,1896,48546040
1775,122,4904,1897,48567750
1776,122,4904,1898,48583175
1777,122,4904,1899,48601639
1780,122,4904,1902,48674156
1782,122,4904,1904,48734780
1782,123,4904,1905,48761656
1782,123,4904,1905,48761656
1783,123,4905,1906,48785453
1784,123,4905,1907,48808883
1784,123,4907,1907,48808883
1784,123,4908,1907,48808883
1784,123,4911,1907,48808883
1784,123,4912,1907,48808883
1784,123,4912,1907,48808883
1784,123,4914,1907,48808883
1784,123,4916,1907,48808883
1784,123,4918,1907,48808883
1784,123,4920,1907,48808883
1788,123,4920,1911,48901667
1790,123,4921,1913,48948894
1792,123,4921,1915,49008994
1793,123,4921,1916,49032424
1794,123,4922,1917,49054134
1795,123,4922,1918,49085551
1796,123,4925,1919,49100233
1796,123,4928,1919,49100233
1796,123,4932,1919,49100233
1796,123,4935,1919,49100233
1796,123,4939,1919,49100233
1796,123,4942,1919,49100233
1796,123,4943,1919,49100233
1796,123,4943,1919,49100233
1796,123,4947,1919,49100233
1796,123,4951,1919,49100233
1796,123,4955,1919,49100233
1796,123,4955,1919,49100233
1796,123,4959,1919,49100233
1796,123,4961,1919,49100233
1796,123,4962,1919,49100233
1796,123,4962,1919,49100233
1796,123,4965,1919,49100233
1798,123,4965,1921,49158246
1799,123,4965,1922,49189663
1800,123,4966,1923,49213460
1801,123,4966,1924,49236890
1802,123,4967,1925,49266416
1803,123,4967,1926,49273104
1805,123,4967,1928,49333204
1805,123,4967,1928,49333204
1806,123,4968,1929,49354914
1807,123,4968,1930,49386331
1809,123,4968,1932,49444344
1810,123,4968,1933,49475761
1811,123,4969,1934,49510645
1811,123,4969,1934,49510645
1812,123,4970,1935,49542699
1814,123,4970,1937,49600712
1815,123,4970,1938,49632129
1816,123,4973,1939,49646811
1816,123,4977,1939,49646811
1816,123,4980,1939,49646811
1817,123,4981,1940,49670608
1818,123,4984,1941,49685290
1818,123,4988,1941,49685290
1818,123,4992,1941,49685290
1818,123,4996,1941,49685290
1818,123,5000,1941,49685290
1818,123,5004,1941,49685290
1818,123,5008,1941,49685290
1818,123,5012,1941,49685290
1818,123,5016,1941,49685290
1818,123,5020,1941,49685290
1818,123,5024,1941,49685290
1818,123,5028,1941,49685290
1818,123,5032,1941,49685290
1818,123,5035,1941,49685290
1818,123,5039,1941,49685290
1818,123,5043,1941,49685290
1818,123,5047,1941,49685290
1818,123,5051,1941,49685290
1818,123,5055,1941,49685290
1818,123,5059,1941,49685290
1818,123,5062,1941,49685290
