server cache hits, server cache misses, client cache hits, client cache misses, bandwith
0,2,0,2,37261
0,3,0,3,40951
0,3,0,3,40951
0,3,0,3,40951
0,4,1,4,54182
0,5,1,5,68161
0,6,1,6,79247
1,7,1,8,116866
1,7,1,8,116866
2,7,2,9,130096
3,7,2,10,144074
4,7,3,11,163080
4,8,3,12,167881
4,9,3,13,178806
4,9,3,13,178806
4,9,3,13,178806
4,9,3,13,178806
4,9,3,13,178806
4,9,3,13,178806
6,9,3,15,210289
6,9,3,15,210289
7,9,5,16,224267
8,9,5,17,235352
9,9,6,18,254717
9,9,6,18,254717
9,9,6,18,254717
9,9,6,18,254717
9,9,6,18,254717
9,9,6,18,254717
9,9,6,18,254717
9,9,8,18,254717
9,9,9,18,254717
9,9,10,18,254717
10,10,10,20,286638
10,11,10,21,299851
10,14,10,24,337381
10,15,11,25,355802
10,16,11,26,359271
11,17,11,28,394892
11,18,11,29,411630
11,19,11,30,417361
11,19,11,30,417361
11,19,11,30,417361
11,20,12,31,430725
11,21,12,32,449049
11,22,12,33,462078
11,22,12,33,462078
11,22,12,33,462078
11,22,12,33,462078
12,23,12,35,494363
12,24,13,36,508521
12,25,13,37,513834
12,26,13,38,522848
12,26,13,38,522848
12,26,17,38,522848
12,26,21,38,522848
12,26,21,38,522848
12,26,21,38,522848
12,26,21,38,522848
12,27,22,39,534119
12,27,22,39,534119
12,27,22,39,534119
12,27,24,39,534119
12,27,24,39,534119
12,28,26,40,540306
12,29,26,41,549743
12,29,26,41,549743
12,29,30,41,549743
12,29,30,41,549743
12,29,30,41,549743
12,29,30,41,549743
12,29,30,41,549743
12,29,32,41,549743
12,29,32,41,549743
12,29,32,41,549743
12,29,32,41,549743
13,30,32,43,586422
14,30,33,44,599652
16,30,33,46,631135
16,30,33,46,631135
16,30,33,46,631135
16,30,33,46,631135
17,30,33,47,649388
19,30,33,49,678911
19,31,33,50,699321
19,32,33,51,714192
19,32,33,51,714192
19,32,37,51,714192
19,32,37,51,714192
19,32,37,51,714192
19,32,37,51,714192
19,32,37,51,714192
19,32,37,51,714192
20,32,38,52,732617
20,32,38,52,732617
20,32,38,52,732617
20,32,38,52,732617
21,33,38,54,768585
21,34,38,55,771160
21,35,38,56,776772
21,35,38,56,776772
21,35,38,56,776772
23,35,38,58,814031
24,35,38,59,818831
25,35,39,60,838196
25,35,39,60,838196
25,35,39,60,838196
29,35,39,64,891179
29,35,43,64,891179
29,35,47,64,891179
29,35,51,64,891179
29,35,55,64,891179
29,35,58,64,891179
29,35,61,64,891179
29,35,65,64,891179
29,35,69,64,891179
29,35,73,64,891179
29,35,77,64,891179
29,35,81,64,891179
29,35,85,64,891179
29,35,87,64,891179
30,35,88,65,909599
30,36,88,66,915051
30,36,88,66,915051
32,36,88,68,946534
32,37,88,69,956044
32,38,88,70,965370
32,38,88,70,965370
32,38,92,70,965370
32,39,93,71,977068
32,40,93,72,983289
32,40,93,72,983289
32,40,93,72,983289
34,40,93,74,1014772
35,40,93,75,1028750
36,40,93,76,1039835
36,41,93,77,1054517
36,41,93,77,1054517
37,41,94,78,1072942
37,42,94,79,1086815
39,42,94,81,1118298
40,42,94,82,1132276
41,42,94,83,1143361
42,42,94,84,1158042
42,42,94,84,1158042
43,42,95,85,1176467
44,42,95,86,1190339
44,43,95,87,1203713
45,43,95,88,1221966
45,43,95,88,1221966
45,43,96,88,1221966
45,43,96,88,1221966
45,43,96,88,1221966
45,43,96,88,1221966
45,43,96,88,1221966
48,43,97,91,1250448
48,43,98,91,1250448
48,43,98,91,1250448
48,43,99,91,1250448
48,43,99,91,1250448
48,43,100,91,1250448
48,43,100,91,1250448
48,43,100,91,1250448
48,43,101,91,1250448
49,45,102,94,1293651
51,45,102,96,1325935
51,46,102,97,1337812
52,46,103,98,1356818
53,46,103,99,1361618
54,46,103,100,1372542
54,46,103,100,1372542
54,46,103,100,1372542
54,46,103,100,1372542
54,46,103,100,1372542
54,46,103,100,1372542
54,46,105,100,1372542
54,46,106,100,1372542
54,46,107,100,1372542
54,46,107,100,1372542
54,46,107,100,1372542
54,46,107,100,1372542
54,46,107,100,1372542
54,46,107,100,1372542
57,46,107,103,1414601
59,46,107,105,1451279
60,46,107,106,1465151
60,46,110,106,1465151
60,46,113,106,1465151
60,47,114,107,1474863
60,48,114,108,1493973
60,49,114,109,1508345
60,49,118,109,1508345
62,49,118,111,1539828
64,49,120,113,1564891
64,49,124,113,1564891
64,49,127,113,1564891
64,49,131,113,1564891
64,49,135,113,1564891
64,49,139,113,1564891
64,49,143,113,1564891
65,49,143,114,1579572
65,49,143,114,1579572
65,49,143,114,1579572
65,49,143,114,1579572
66,49,144,115,1598578
66,50,144,116,1601556
67,51,144,118,1635222
67,52,144,119,1641517
67,52,144,119,1641517
67,52,144,119,1641517
69,52,145,121,1665388
69,52,148,121,1665388
69,52,148,121,1665388
69,52,148,121,1665388
71,52,148,123,1696871
72,52,148,124,1710849
73,52,148,125,1721934
74,52,149,126,1731645
74,53,149,127,1749832
74,54,149,128,1765097
74,54,149,128,1765097
74,54,149,128,1765097
75,54,150,129,1778764
75,54,152,129,1778764
75,54,153,129,1778764
75,54,154,129,1778764
75,54,154,129,1778764
75,54,154,129,1778764
78,54,154,132,1820888
78,54,157,132,1820888
79,55,158,134,1841305
79,56,158,135,1848485
79,56,158,135,1848485
79,56,162,135,1848485
79,56,166,135,1848485
79,56,170,135,1848485
81,56,170,137,1885744
81,62,171,143,1939125
86,62,171,148,2010352
86,62,176,148,2010352
86,62,181,148,2010352
86,62,186,148,2010352
86,62,191,148,2010352
86,62,196,148,2010352
86,62,201,148,2010352
86,62,206,148,2010352
86,62,211,148,2010352
86,62,216,148,2010352
86,62,221,148,2010352
86,62,226,148,2010352
86,62,231,148,2010352
86,62,236,148,2010352
86,62,240,148,2010352
86,62,245,148,2010352
86,62,250,148,2010352
86,62,255,148,2010352
86,62,260,148,2010352
86,62,265,148,2010352
86,62,269,148,2010352
86,62,273,148,2010352
88,62,273,150,2041835
89,62,273,151,2055813
90,62,273,152,2066898
91,62,274,153,2076609
92,62,274,154,2094795
93,62,274,155,2110059
93,62,276,155,2110059
93,62,277,155,2110059
93,62,278,155,2110059
93,62,280,155,2110059
93,62,281,155,2110059
93,62,282,155,2110059
95,62,282,157,2138023
95,63,282,158,2146282
95,64,282,159,2160167
95,64,286,159,2160167
95,64,286,159,2160167
95,64,288,159,2160167
95,64,289,159,2160167
95,64,290,159,2160167
95,64,290,159,2160167
95,64,294,159,2160167
96,64,295,160,2173397
97,64,295,161,2187375
98,64,295,162,2198460
101,64,295,165,2244610
102,64,295,166,2259874
102,64,295,166,2259874
102,64,295,166,2259874
104,64,295,168,2296552
105,64,295,169,2310424
105,65,296,170,2327756
105,66,296,171,2346086
105,67,296,172,2353062
105,67,296,172,2353062
105,67,296,172,2353062
105,67,296,172,2353062
105,67,296,172,2353062
107,67,296,174,2389740
108,67,296,175,2403612
109,67,297,176,2413323
110,67,297,177,2432432
111,67,297,178,2446803
111,67,297,178,2446803
111,67,297,178,2446803
111,67,297,178,2446803
111,67,301,178,2446803
111,67,301,178,2446803
113,67,301,180,2482387
114,67,301,181,2500716
114,67,301,181,2500716
114,67,301,181,2500716
114,68,302,182,2513800
114,69,302,183,2529561
114,70,302,184,2537229
114,70,302,184,2537229
114,70,302,184,2537229
114,70,306,184,2537229
114,70,306,184,2537229
114,70,306,184,2537229
114,70,310,184,2537229
114,70,310,184,2537229
114,70,314,184,2537229
114,70,318,184,2537229
114,70,318,184,2537229
114,70,318,184,2537229
114,70,318,184,2537229
116,70,318,186,2573907
117,70,318,187,2587779
118,70,319,188,2597490
119,70,319,189,2615676
120,70,319,190,2630940
120,70,319,190,2630940
122,70,319,192,2668558
122,70,319,192,2668558
122,70,319,192,2668558
122,70,319,192,2668558
122,70,319,192,2668558
122,70,319,192,2668558
123,70,320,193,2681788
124,70,320,194,2695766
125,70,320,195,2706851
127,70,320,197,2738771
128,70,320,198,2751983
130,70,320,200,2774513
131,70,321,201,2784224
132,70,321,202,2792482
133,70,324,203,2806366
133,70,328,203,2806366
133,70,332,203,2806366
134,71,332,205,2843547
134,71,332,205,2843547
134,71,332,205,2843547
135,71,333,206,2853258
136,71,333,207,2871444
137,71,333,208,2886708
138,71,334,209,2899938
138,71,334,209,2899938
143,71,334,214,2971165
143,71,339,214,2971165
143,71,344,214,2971165
143,71,349,214,2971165
143,71,354,214,2971165
143,71,359,214,2971165
143,71,364,214,2971165
143,71,369,214,2971165
143,71,374,214,2971165
143,71,379,214,2971165
143,71,384,214,2971165
143,71,389,214,2971165
143,71,394,214,2971165
143,71,399,214,2971165
143,71,404,214,2971165
143,71,409,214,2971165
143,71,414,214,2971165
143,71,419,214,2971165
143,71,424,214,2971165
143,71,428,214,2971165
143,71,432,214,2971165
143,71,436,214,2971165
143,71,440,214,2971165
143,71,444,214,2971165
143,71,448,214,2971165
143,71,451,214,2971165
143,71,453,214,2971165
143,72,454,215,2987226
143,73,456,216,2993915
143,73,459,216,2993915
143,73,462,216,2993915
143,73,462,216,2993915
143,73,462,216,2993915
143,73,465,216,2993915
145,73,465,218,3025835
145,74,465,219,3042234
145,75,465,220,3057921
145,75,465,220,3057921
146,75,466,221,3069618
147,75,466,222,3075838
147,75,466,222,3075838
147,75,466,222,3075838
147,75,466,222,3075838
147,75,466,222,3075838
149,75,466,224,3103802
149,76,466,225,3119418
149,77,466,226,3131666
150,77,467,227,3144896
151,77,467,228,3158874
155,77,467,232,3215420
157,77,467,234,3246903
157,78,467,235,3264757
158,78,468,236,3278424
158,79,468,237,3291654
158,80,468,238,3305088
159,80,470,239,3319066
160,80,470,240,3330151
162,80,470,242,3367410
162,81,470,243,3371255
162,82,470,244,3375043
164,82,470,246,3406526
166,82,472,248,3431589
166,82,475,248,3431589
166,82,479,248,3431589
167,82,480,249,3441300
168,82,480,250,3449558
169,82,480,251,3463442
169,82,484,251,3463442
170,82,484,252,3481695
172,82,484,254,3513178
173,82,484,255,3527156
174,82,484,256,3538241
175,82,484,257,3552922
175,82,484,257,3552922
175,82,486,257,3552922
175,82,487,257,3552922
175,82,488,257,3552922
175,82,489,257,3552922
175,82,489,257,3552922
176,82,490,258,3568982
176,83,490,259,3577530
176,85,490,261,3596137
178,85,490,263,3633396
179,85,490,264,3638196
180,85,490,265,3649120
180,85,490,265,3649120
180,85,490,265,3649120
182,85,491,267,3681417
184,85,491,269,3717001
185,85,492,270,3730231
185,85,492,270,3730231
185,85,492,270,3730231
185,85,492,270,3730231
185,85,494,270,3730231
185,85,494,270,3730231
185,85,494,270,3730231
185,85,494,270,3730231
185,85,494,270,3730231
185,85,494,270,3730231
185,85,494,270,3730231
185,85,494,270,3730231
185,85,494,270,3730231
185,85,494,270,3730231
185,85,494,270,3730231
185,85,496,270,3730231
185,85,496,270,3730231
185,85,496,270,3730231
186,85,497,271,3745643
187,85,497,272,3750647
188,85,497,273,3757826
188,85,497,273,3757826
188,85,497,273,3757826
190,85,497,275,3793793
191,85,497,276,3796367
192,85,497,277,3801978
192,85,497,277,3801978
192,85,497,277,3801978
194,85,497,279,3839464
194,86,497,280,3845407
194,91,497,285,3882377
196,91,497,287,3910341
197,91,497,288,3928527
198,91,497,289,3943791
199,91,498,290,3957021
200,91,498,291,3974874
200,92,498,292,3987696
200,94,498,294,4006586
200,94,498,294,4006586
200,94,504,294,4006586
202,94,504,296,4042170
203,94,504,297,4060499
204,94,504,298,4067474
206,94,504,300,4098957
206,95,504,301,4108878
206,95,504,301,4108878
206,95,504,301,4108878
206,95,504,301,4108878
206,96,505,302,4123054
206,97,505,303,4126868
206,98,505,304,4140048
206,98,505,304,4140048
206,98,505,304,4140048
206,98,508,304,4140048
206,98,509,304,4140048
206,98,509,304,4140048
206,98,509,304,4140048
206,98,509,304,4140048
206,98,509,304,4140048
208,98,509,306,4171531
209,98,509,307,4185509
210,98,509,308,4196594
211,98,510,309,4210261
212,98,510,310,4226659
213,98,513,311,4242345
215,98,513,313,4277929
216,98,513,314,4296258
217,98,513,315,4303233
217,98,513,315,4303233
217,98,513,315,4303233
217,98,513,315,4303233
217,98,513,315,4303233
218,98,514,316,4322160
219,98,515,317,4340585
220,98,515,318,4354457
221,98,516,319,4367687
222,98,516,320,4381665
223,98,516,321,4392750
225,98,516,323,4429428
227,98,517,325,4456636
227,98,519,325,4456636
228,98,522,326,4467721
230,98,522,328,4499641
231,98,522,329,4516039
232,98,522,330,4531725
232,98,522,330,4531725
233,98,523,331,4549056
234,98,523,332,4567385
234,98,523,332,4567385
234,98,523,332,4567385
236,98,523,334,4598868
237,98,523,335,4612846
238,98,523,336,4623931
238,98,526,336,4623931
239,98,526,337,4638612
244,98,526,342,4709839
244,98,531,342,4709839
244,98,536,342,4709839
244,98,541,342,4709839
244,98,546,342,4709839
244,98,551,342,4709839
244,98,556,342,4709839
244,98,561,342,4709839
244,98,566,342,4709839
244,98,571,342,4709839
244,98,576,342,4709839
244,98,581,342,4709839
244,98,586,342,4709839
244,98,590,342,4709839
244,98,594,342,4709839
244,98,599,342,4709839
244,98,604,342,4709839
244,98,609,342,4709839
244,98,614,342,4709839
244,98,619,342,4709839
244,98,624,342,4709839
244,98,629,342,4709839
245,98,630,343,4728845
246,98,630,344,4733645
246,98,632,344,4733645
246,98,633,344,4733645
246,98,633,344,4733645
246,98,636,344,4733645
246,98,639,344,4733645
249,98,640,347,4773314
249,98,644,347,4773314
249,98,648,347,4773314
249,98,652,347,4773314
249,98,656,347,4773314
249,98,660,347,4773314
249,98,664,347,4773314
249,98,668,347,4773314
249,98,672,347,4773314
251,98,674,349,4800559
253,98,674,351,4837818
253,99,674,352,4840913
253,100,674,353,4846270
253,100,674,353,4846270
253,100,674,353,4846270
253,100,674,353,4846270
253,100,674,353,4846270
253,100,674,353,4846270
253,100,674,353,4846270
254,100,676,354,4851070
255,100,676,355,4861994
255,100,676,355,4861994
255,100,676,355,4861994
255,100,676,355,4861994
255,100,676,355,4861994
255,100,676,355,4861994
256,100,677,356,4873264
257,100,677,357,4893673
258,100,677,358,4908543
258,100,677,358,4908543
258,100,677,358,4908543
258,100,677,358,4908543
258,100,677,358,4908543
258,100,677,358,4908543
258,100,681,358,4908543
258,100,681,358,4908543
259,100,682,359,4921626
259,101,682,360,4937984
260,101,683,361,4957217
260,101,686,361,4957217
260,101,688,361,4957217
260,103,691,363,4979134
260,103,693,363,4979134
260,105,693,365,4996479
260,105,693,365,4996479
260,105,693,365,4996479
260,105,693,365,4996479
260,105,697,365,4996479
260,105,701,365,4996479
260,105,705,365,4996479
260,105,709,365,4996479
260,105,713,365,4996479
260,105,717,365,4996479
260,105,721,365,4996479
260,105,725,365,4996479
260,105,728,365,4996479
260,105,731,365,4996479
260,105,734,365,4996479
260,105,736,365,4996479
260,105,740,365,4996479
260,105,744,365,4996479
260,105,748,365,4996479
260,105,752,365,4996479
260,105,756,365,4996479
260,105,760,365,4996479
260,105,762,365,4996479
260,105,763,365,4996479
260,105,764,365,4996479
261,105,767,366,5007403
261,105,771,366,5007403
261,105,775,366,5007403
261,105,779,366,5007403
261,105,783,366,5007403
261,105,786,366,5007403
261,105,788,366,5007403
261,105,792,366,5007403
261,105,796,366,5007403
261,105,800,366,5007403
261,105,804,366,5007403
261,105,808,366,5007403
261,105,812,366,5007403
261,105,816,366,5007403
261,105,819,366,5007403
261,105,821,366,5007403
261,105,822,366,5007403
261,105,826,366,5007403
261,105,830,366,5007403
261,105,833,366,5007403
261,105,834,366,5007403
263,105,834,368,5038886
264,105,834,369,5048395
265,105,834,370,5057720
265,105,834,370,5057720
265,105,834,370,5057720
266,105,835,371,5077085
267,105,836,372,5092497
267,106,836,373,5100656
267,107,836,374,5113071
268,107,837,375,5129131
269,107,837,376,5135819
269,107,837,376,5135819
269,107,837,376,5135819
269,107,837,376,5135819
271,107,837,378,5173078
272,107,837,379,5177878
273,107,838,380,5187589
274,107,838,381,5205775
275,107,838,382,5221039
275,107,838,382,5221039
275,107,838,382,5221039
277,107,838,384,5252375
278,107,838,385,5268135
279,107,838,386,5275802
279,107,838,386,5275802
279,107,838,386,5275802
279,107,838,386,5275802
279,107,838,386,5275802
280,107,839,387,5289959
281,107,839,388,5295271
282,107,839,389,5304284
282,107,839,389,5304284
282,107,839,389,5304284
282,107,839,389,5304284
284,107,839,391,5341543
284,107,839,391,5341543
284,107,839,391,5341543
284,107,839,391,5341543
284,107,839,391,5341543
284,107,839,391,5341543
284,107,839,391,5341543
284,107,839,391,5341543
284,107,839,391,5341543
285,107,840,392,5355700
286,107,840,393,5361012
287,107,840,394,5370025
287,107,840,394,5370025
287,107,840,394,5370025
287,107,844,394,5370025
287,107,844,394,5370025
287,107,844,394,5370025
287,107,844,394,5370025
292,107,844,399,5441252
292,107,849,399,5441252
292,107,854,399,5441252
292,107,859,399,5441252
292,107,864,399,5441252
292,107,868,399,5441252
292,107,872,399,5441252
292,107,876,399,5441252
292,107,880,399,5441252
292,107,884,399,5441252
292,107,888,399,5441252
292,107,891,399,5441252
292,107,893,399,5441252
294,107,894,401,5465058
295,107,894,402,5475982
295,107,894,402,5475982
297,107,894,404,5512660
298,107,894,405,5526532
299,107,897,406,5539905
299,107,897,406,5539905
300,107,898,407,5558911
301,107,898,408,5563711
302,107,898,409,5574635
302,107,898,409,5574635
302,107,898,409,5574635
304,107,898,411,5606118
305,107,898,412,5620096
306,107,898,413,5631181
307,107,899,414,5649606
309,107,899,416,5686865
311,107,899,418,5723543
312,107,899,419,5737415
313,107,900,420,5750645
314,107,900,421,5764623
315,107,900,422,5775708
317,107,900,424,5812386
318,107,901,425,5825616
320,107,901,427,5857099
321,107,901,428,5874952
321,108,901,429,5881555
322,108,902,430,5900561
322,108,904,430,5900561
324,108,904,432,5934226
325,108,904,433,5942384
326,108,904,434,5954798
329,108,904,437,6000259
330,108,904,438,6011344
332,108,904,440,6039308
333,108,904,441,6057494
334,108,904,442,6072758
335,108,905,443,6085988
336,108,905,444,6099966
338,108,905,446,6137225
338,109,905,447,6140168
338,109,905,447,6140168
340,109,905,449,6171784
340,110,905,450,6188315
340,111,905,451,6202135
341,111,906,452,6215365
342,111,906,453,6229343
343,111,906,454,6240428
344,111,907,455,6252125
345,111,907,456,6258345
345,111,910,456,6258345
345,111,910,456,6258345
345,111,910,456,6258345
345,111,913,456,6258345
345,111,913,456,6258345
345,111,913,456,6258345
345,111,913,456,6258345
345,111,913,456,6258345
345,111,916,456,6258345
345,111,919,456,6258345
346,111,919,457,6273026
346,111,923,457,6273026
346,111,923,457,6273026
346,111,923,457,6273026
347,111,924,458,6290740
348,111,924,459,6293314
349,111,924,460,6298925
349,111,924,460,6298925
350,111,925,461,6317931
351,111,925,462,6322731
352,111,928,463,6333655
352,111,931,463,6333655
352,111,935,463,6333655
352,111,935,463,6333655
352,111,939,463,6333655
352,111,943,463,6333655
352,111,943,463,6333655
352,111,947,463,6333655
352,111,951,463,6333655
352,111,955,463,6333655
352,111,959,463,6333655
352,111,963,463,6333655
352,111,967,463,6333655
352,111,971,463,6333655
352,111,975,463,6333655
352,111,975,463,6333655
352,111,975,463,6333655
352,111,975,463,6333655
352,111,975,463,6333655
352,111,975,463,6333655
352,111,978,463,6333655
353,111,979,464,6344925
354,111,979,465,6365334
355,111,980,466,6382665
355,112,982,467,6402029
355,112,984,467,6402029
355,112,985,467,6402029
355,112,985,467,6402029
355,112,985,467,6402029
355,112,985,467,6402029
355,112,985,467,6402029
355,112,988,467,6402029
355,112,991,467,6402029
357,112,991,469,6429993
358,112,991,470,6448179
360,112,991,472,6478129
361,112,991,473,6484349
362,112,992,474,6503582
364,112,992,476,6535866
364,113,992,477,6545807
364,113,995,477,6545807
364,113,998,477,6545807
364,113,1000,477,6545807
365,113,1001,478,6559037
366,113,1001,479,6576890
367,113,1001,480,6589711
369,113,1001,482,6608599
369,113,1001,482,6608599
369,113,1001,482,6608599
369,113,1001,482,6608599
369,114,1003,483,6625132
370,114,1004,484,6643557
371,114,1004,485,6657429
372,114,1005,486,6667140
373,114,1005,487,6686249
374,114,1005,488,6700620
374,114,1008,488,6700620
374,114,1010,488,6700620
375,114,1011,489,6719853
375,114,1013,489,6719853
375,114,1019,489,6719853
375,114,1025,489,6719853
375,114,1031,489,6719853
375,114,1035,489,6719853
375,114,1038,489,6719853
376,114,1039,490,6739218
376,114,1039,490,6739218
376,114,1041,490,6739218
377,114,1042,491,6752581
378,114,1042,492,6768158
379,114,1042,493,6782419
379,114,1044,493,6782419
379,114,1044,493,6782419
379,114,1044,493,6782419
379,115,1046,494,6797846
379,115,1049,494,6797846
379,115,1051,494,6797846
379,115,1055,494,6797846
379,115,1055,494,6797846
379,116,1057,495,6806955
379,116,1057,495,6806955
379,116,1057,495,6806955
381,116,1057,497,6842922
381,117,1057,498,6846616
381,118,1057,499,6851897
382,118,1058,500,6870903
382,118,1058,500,6870903
382,118,1058,500,6870903
383,118,1059,501,6889909
384,118,1059,502,6894709
384,118,1063,502,6894709
384,118,1063,502,6894709
385,118,1064,503,6906406
386,118,1065,504,6924120
387,118,1066,505,6938151
388,118,1068,506,6950027
388,118,1071,506,6950027
388,118,1074,506,6950027
388,118,1077,506,6950027
388,118,1077,506,6950027
388,118,1077,506,6950027
391,118,1078,509,6988320
391,118,1081,509,6988320
391,118,1083,509,6988320
391,118,1084,509,6988320
391,118,1085,509,6988320
391,118,1087,509,6988320
391,118,1088,509,6988320
391,118,1089,509,6988320
391,118,1092,509,6988320
391,118,1095,509,6988320
393,118,1095,511,7019803
394,118,1096,512,7038809
394,119,1096,513,7041905
394,119,1096,513,7041905
394,119,1096,513,7041905
394,119,1096,513,7041905
395,119,1098,514,7059758
396,119,1098,515,7070443
396,119,1098,515,7070443
396,119,1098,515,7070443
396,119,1098,515,7070443
396,119,1098,515,7070443
396,119,1102,515,7070443
396,119,1106,515,7070443
397,119,1107,516,7089808
397,120,1107,517,7099117
397,120,1107,517,7099117
397,120,1107,517,7099117
397,120,1107,517,7099117
397,120,1110,517,7099117
397,120,1113,517,7099117
397,120,1116,517,7099117
400,120,1118,520,7138861
400,120,1123,520,7138861
400,120,1123,520,7138861
403,120,1123,523,7188197
404,120,1123,524,7201018
404,120,1125,524,7201018
406,120,1129,526,7219906
406,120,1135,526,7219906
407,120,1136,527,7233937
407,121,1136,528,7243272
409,121,1136,530,7280531
410,121,1136,531,7285331
411,121,1136,532,7296255
411,121,1136,532,7296255
411,121,1136,532,7296255
412,121,1137,533,7309485
413,121,1137,534,7323463
414,121,1137,535,7334548
414,121,1142,535,7334548
414,121,1147,535,7334548
414,121,1152,535,7334548
414,121,1157,535,7334548
414,121,1162,535,7334548
414,121,1167,535,7334548
414,121,1172,535,7334548
414,121,1177,535,7334548
414,121,1182,535,7334548
414,121,1187,535,7334548
414,121,1192,535,7334548
414,121,1197,535,7334548
414,121,1202,535,7334548
414,121,1207,535,7334548
414,121,1211,535,7334548
414,121,1216,535,7334548
414,121,1221,535,7334548
414,121,1226,535,7334548
414,121,1231,535,7334548
414,121,1236,535,7334548
414,121,1241,535,7334548
415,121,1242,536,7344259
416,121,1242,537,7362445
417,121,1242,538,7377709
417,121,1246,538,7377709
417,121,1250,538,7377709
417,121,1253,538,7377709
417,121,1256,538,7377709
417,121,1258,538,7377709
418,121,1258,539,7393324
419,123,1258,542,7423388
419,123,1264,542,7423388
419,123,1266,542,7423388
419,123,1266,542,7423388
421,123,1266,544,7455308
422,123,1266,545,7471706
423,123,1266,546,7487392
423,123,1266,546,7487392
424,123,1267,547,7500755
425,123,1267,548,7517285
425,124,1267,549,7525668
427,124,1267,551,7557151
428,124,1267,552,7571129
428,124,1269,552,7571129
428,124,1272,552,7571129
428,124,1273,552,7571129
428,124,1276,552,7571129
428,124,1280,552,7571129
430,124,1280,554,7602612
431,124,1280,555,7616590
432,124,1280,556,7627675
433,124,1281,557,7637386
434,124,1281,558,7645644
435,124,1281,559,7659528
436,124,1282,560,7678761
437,124,1282,561,7681659
439,124,1282,563,7718337
440,124,1282,564,7732209
441,124,1283,565,7741920
442,124,1283,566,7760106
443,124,1283,567,7775370
443,124,1283,567,7775370
443,124,1283,567,7775370
447,124,1283,571,7833292
447,124,1287,571,7833292
447,124,1291,571,7833292
447,124,1295,571,7833292
447,124,1299,571,7833292
447,124,1302,571,7833292
447,124,1305,571,7833292
447,124,1308,571,7833292
447,124,1310,571,7833292
450,124,1311,574,7871585
453,124,1312,577,7906315
453,124,1316,577,7906315
453,124,1320,577,7906315
453,124,1324,577,7906315
453,124,1328,577,7906315
453,124,1332,577,7906315
453,124,1335,577,7906315
453,124,1337,577,7906315
453,124,1341,577,7906315
453,124,1345,577,7906315
453,124,1349,577,7906315
453,124,1353,577,7906315
453,124,1357,577,7906315
453,124,1361,577,7906315
453,124,1363,577,7906315
453,124,1364,577,7906315
453,124,1365,577,7906315
453,124,1367,577,7906315
453,124,1368,577,7906315
453,124,1370,577,7906315
453,124,1371,577,7906315
453,124,1373,577,7906315
453,124,1374,577,7906315
453,124,1375,577,7906315
453,124,1375,577,7906315
455,124,1375,579,7942988
456,124,1375,580,7946456
457,124,1376,581,7959686
458,124,1376,582,7973664
459,124,1379,583,7984749
459,124,1383,583,7984749
459,124,1386,583,7984749
459,124,1388,583,7984749
459,124,1391,583,7984749
459,124,1394,583,7984749
459,124,1397,583,7984749
459,124,1400,583,7984749
459,124,1403,583,7984749
459,124,1405,583,7984749
459,124,1407,583,7984749
459,124,1410,583,7984749
459,124,1413,583,7984749
459,124,1416,583,7984749
459,124,1419,583,7984749
459,124,1422,583,7984749
459,124,1424,583,7984749
459,124,1426,583,7984749
459,124,1429,583,7984749
459,124,1432,583,7984749
459,124,1435,583,7984749
459,124,1438,583,7984749
459,124,1441,583,7984749
463,124,1441,587,8041295
465,124,1441,589,8069259
465,124,1441,589,8069259
466,124,1442,590,8087679
466,125,1442,591,8107377
467,125,1442,592,8125630
469,125,1442,594,8153594
470,125,1442,595,8169209
473,125,1442,598,8199271
474,125,1443,599,8215331
474,126,1443,600,8219468
474,129,1443,603,8251150
474,129,1445,603,8251150
475,129,1446,604,8264380
476,129,1446,605,8278358
477,129,1446,606,8289443
478,129,1447,607,8303618
478,130,1447,608,8316561
480,130,1447,610,8348481
481,130,1447,611,8361693
482,130,1447,612,8374483
482,130,1447,612,8374483
482,130,1447,612,8374483
485,130,1448,615,8400382
487,130,1448,617,8428346
488,130,1448,618,8446532
489,130,1448,619,8461796
489,130,1448,619,8461796
489,130,1448,619,8461796
490,130,1449,620,8475026
491,130,1449,621,8489004
492,130,1449,622,8500089
494,130,1449,624,8536767
495,130,1449,625,8550639
496,130,1449,626,8564012
496,130,1449,626,8564012
497,130,1450,627,8577242
498,130,1450,628,8591220
499,130,1450,629,8602305
501,130,1450,631,8638978
502,130,1450,632,8644429
502,130,1450,632,8644429
502,130,1450,632,8644429
502,130,1450,632,8644429
502,130,1450,632,8644429
503,130,1451,633,8661760
504,130,1451,634,8680089
504,130,1451,634,8680089
504,130,1451,634,8680089
504,130,1451,634,8680089
504,130,1451,634,8680089
504,130,1451,634,8680089
505,130,1454,635,8687064
505,130,1454,635,8687064
507,130,1454,637,8719348
508,130,1454,638,8731224
508,130,1454,638,8731224
509,130,1455,639,8749649
510,130,1455,640,8763521
512,130,1455,642,8791485
513,130,1455,643,8810594
514,130,1456,644,8824261
514,131,1456,645,8832514
516,131,1456,647,8862464
516,131,1456,647,8862464
516,131,1456,647,8862464
516,131,1456,647,8862464
517,131,1457,648,8881697
517,131,1457,648,8881697
517,131,1457,648,8881697
519,131,1457,650,8909661
520,131,1457,651,8928770
521,131,1457,652,8943141
522,131,1458,653,8958553
523,131,1458,654,8964847
525,131,1458,656,8997257
525,132,1458,657,9006449
526,132,1459,658,9020116
527,132,1459,659,9028368
529,132,1459,661,9065627
530,132,1459,662,9068721
531,132,1459,663,9074077
532,132,1461,664,9078877
534,132,1461,666,9110213
535,132,1461,667,9126570
537,132,1461,669,9148485
537,132,1461,669,9148485
537,132,1461,669,9148485
537,132,1461,669,9148485
538,132,1462,670,9162152
539,132,1462,671,9178550
540,132,1462,672,9194236
540,132,1462,672,9194236
540,132,1466,672,9194236
540,132,1470,672,9194236
540,132,1470,672,9194236
540,132,1475,672,9194236
540,132,1480,672,9194236
540,132,1485,672,9194236
540,132,1490,672,9194236
540,132,1495,672,9194236
540,132,1498,672,9194236
540,132,1501,672,9194236
540,132,1503,672,9194236
540,132,1506,672,9194236
542,132,1506,674,9228549
542,132,1506,674,9228549
542,132,1506,674,9228549
542,132,1508,674,9228549
543,132,1510,675,9232685
545,132,1510,677,9258204
545,132,1510,677,9258204
545,132,1510,677,9258204
545,132,1515,677,9258204
545,132,1515,677,9258204
545,132,1515,677,9258204
545,132,1515,677,9258204
545,132,1515,677,9258204
547,132,1515,679,9286168
548,132,1516,680,9299398
549,132,1516,681,9313376
550,132,1518,682,9331562
552,132,1521,684,9357328
552,132,1526,684,9357328
552,132,1531,684,9357328
552,132,1534,684,9357328
552,132,1536,684,9357328
552,132,1541,684,9357328
552,132,1545,684,9357328
552,132,1549,684,9357328
552,132,1553,684,9357328
552,132,1557,684,9357328
552,132,1561,684,9357328
553,132,1562,685,9370411
553,132,1562,685,9370411
557,132,1562,689,9431855
557,132,1565,689,9431855
557,132,1568,689,9431855
557,132,1571,689,9431855
557,132,1573,689,9431855
558,132,1574,690,9445218
559,132,1574,691,9461748
560,132,1574,692,9470130
560,134,1574,694,9496392
560,134,1574,694,9496392
560,134,1574,694,9496392
562,134,1574,696,9533070
563,134,1574,697,9546942
565,134,1575,699,9582602
565,134,1577,699,9582602
566,134,1580,700,9589577
566,134,1580,700,9589577
566,134,1580,700,9589577
566,134,1580,700,9589577
566,134,1580,700,9589577
567,134,1580,701,9607830
569,135,1580,704,9656929
569,135,1583,704,9656929
569,135,1586,704,9656929
569,135,1589,704,9656929
569,135,1592,704,9656929
569,135,1595,704,9656929
569,135,1597,704,9656929
569,135,1599,704,9656929
570,135,1600,705,9674643
570,135,1602,705,9674643
570,136,1602,706,9677101
570,136,1603,706,9677101
570,136,1604,706,9677101
570,136,1605,706,9677101
570,136,1606,706,9677101
570,136,1607,706,9677101
570,136,1608,706,9677101
570,136,1609,706,9677101
570,136,1610,706,9677101
570,136,1611,706,9677101
570,136,1612,706,9677101
571,136,1613,707,9690331
572,136,1613,708,9704309
573,136,1613,709,9718990
573,136,1617,709,9718990
573,136,1617,709,9718990
574,136,1620,710,9732363
574,136,1624,710,9732363
574,136,1628,710,9732363
574,136,1632,710,9732363
574,136,1636,710,9732363
574,136,1640,710,9732363
574,136,1644,710,9732363
574,136,1648,710,9732363
574,136,1652,710,9732363
574,136,1656,710,9732363
574,136,1660,710,9732363
574,136,1664,710,9732363
574,136,1667,710,9732363
574,136,1668,710,9732363
574,136,1671,710,9732363
574,136,1674,710,9732363
574,136,1677,710,9732363
574,136,1679,710,9732363
574,136,1682,710,9732363
574,136,1686,710,9732363
574,136,1690,710,9732363
574,136,1694,710,9732363
574,136,1698,710,9732363
575,136,1699,711,9745593
576,136,1699,712,9763446
577,136,1699,713,9776267
579,136,1699,715,9795155
579,136,1699,715,9795155
579,136,1699,715,9795155
579,136,1699,715,9795155
581,136,1699,717,9826491
582,136,1699,718,9842251
583,136,1699,719,9849918
583,136,1699,719,9849918
583,136,1699,719,9849918
584,136,1700,720,9868924
584,136,1700,720,9868924
584,136,1700,720,9868924
584,136,1700,720,9868924
584,136,1700,720,9868924
584,136,1702,720,9868924
584,136,1702,720,9868924
586,136,1703,722,9890630
586,136,1706,722,9890630
586,136,1709,722,9890630
586,136,1712,722,9890630
586,136,1715,722,9890630
586,136,1717,722,9890630
586,136,1719,722,9890630
586,136,1725,722,9890630
586,136,1731,722,9890630
586,136,1737,722,9890630
586,136,1741,722,9890630
586,136,1744,722,9890630
586,136,1746,722,9890630
587,136,1747,723,9909995
587,136,1747,723,9909995
587,136,1747,723,9909995
587,136,1747,723,9909995
587,136,1747,723,9909995
588,137,1747,725,9945708
588,138,1747,726,9964307
588,140,1747,728,9987573
588,140,1749,728,9987573
589,140,1750,729,9999270
590,140,1751,730,10017695
590,141,1753,731,10029785
590,141,1756,731,10029785
590,141,1759,731,10029785
590,141,1762,731,10029785
590,141,1762,731,10029785
590,141,1762,731,10029785
590,141,1762,731,10029785
590,141,1762,731,10029785
590,141,1762,731,10029785
590,141,1762,731,10029785
590,141,1762,731,10029785
590,143,1764,733,10042277
591,145,1765,736,10075344
592,145,1766,737,10093058
593,145,1768,738,10099278
593,145,1768,738,10099278
593,145,1771,738,10099278
593,145,1774,738,10099278
593,145,1777,738,10099278
593,145,1780,738,10099278
593,145,1783,738,10099278
595,145,1783,740,10135956
595,146,1783,741,10144291
595,147,1783,742,10157210
595,147,1783,742,10157210
595,147,1783,742,10157210
595,147,1783,742,10157210
595,147,1783,742,10157210
595,147,1783,742,10157210
595,147,1783,742,10157210
596,147,1784,743,10170877
597,147,1784,744,10184106
597,148,1784,745,10199942
597,148,1784,745,10199942
597,148,1784,745,10199942
597,148,1784,745,10199942
597,148,1788,745,10199942
599,148,1788,747,10236620
600,148,1788,748,10250492
601,148,1789,749,10264523
602,148,1789,750,10276399
602,148,1789,750,10276399
604,148,1789,752,10308319
605,148,1789,753,10316571
605,148,1789,753,10316571
606,148,1790,754,10330728
607,148,1790,755,10339919
607,148,1790,755,10339919
608,148,1793,756,10353738
608,148,1795,756,10353738
608,148,1797,756,10353738
608,148,1799,756,10353738
608,148,1801,756,10353738
608,148,1803,756,10353738
610,148,1803,758,10387403
612,148,1803,760,10419323
613,148,1804,761,10438329
614,148,1804,762,10443129
615,148,1804,763,10454053
615,148,1806,763,10454053
615,148,1807,763,10454053
615,148,1808,763,10454053
615,148,1812,763,10454053
615,148,1815,763,10454053
615,148,1819,763,10454053
615,148,1823,763,10454053
617,148,1823,765,10483576
618,148,1824,766,10498988
618,148,1824,766,10498988
618,148,1824,766,10498988
620,148,1824,768,10534572
621,148,1824,769,10552901
621,148,1824,769,10552901
621,148,1824,769,10552901
621,148,1827,769,10552901
621,148,1830,769,10552901
621,148,1830,769,10552901
622,148,1831,770,10567058
622,148,1831,770,10567058
622,148,1831,770,10567058
623,148,1832,771,10583118
623,149,1832,772,10600800
623,150,1832,773,10606044
623,150,1832,773,10606044
624,150,1833,774,10615755
625,150,1833,775,10634864
627,150,1833,777,10666200
628,150,1834,778,10685433
629,150,1835,779,10697130
630,150,1837,780,10713487
632,150,1840,782,10735402
632,150,1845,782,10735402
632,150,1850,782,10735402
632,150,1855,782,10735402
634,150,1856,784,10765467
634,150,1861,784,10765467
635,150,1864,785,10781153
635,150,1864,785,10781153
635,150,1867,785,10781153
635,150,1870,785,10781153
635,150,1872,785,10781153
635,150,1874,785,10781153
635,150,1875,785,10781153
635,150,1879,785,10781153
635,150,1882,785,10781153
637,150,1882,787,10816737
638,150,1882,788,10836100
639,150,1883,789,10850131
641,150,1883,791,10881614
642,150,1883,792,10895592
643,150,1883,793,10906677
643,150,1887,793,10906677
643,150,1891,793,10906677
643,150,1895,793,10906677
643,150,1899,793,10906677
644,150,1900,794,10920344
645,150,1900,795,10936742
646,150,1901,796,10955748
647,150,1901,797,10960548
651,150,1901,801,11017094
653,150,1901,803,11049378
654,150,1901,804,11061254
654,150,1904,804,11061254
654,150,1904,804,11061254
654,150,1907,804,11061254
654,150,1907,804,11061254
654,150,1907,804,11061254
654,150,1907,804,11061254
654,150,1907,804,11061254
655,150,1908,805,11079679
656,150,1908,806,11093551
661,150,1908,811,11164778
661,150,1913,811,11164778
661,150,1918,811,11164778
661,150,1923,811,11164778
661,150,1928,811,11164778
661,150,1933,811,11164778
661,150,1938,811,11164778
661,150,1943,811,11164778
661,150,1948,811,11164778
661,150,1953,811,11164778
661,150,1958,811,11164778
661,150,1963,811,11164778
661,150,1968,811,11164778
661,150,1973,811,11164778
661,150,1977,811,11164778
661,150,1982,811,11164778
661,150,1987,811,11164778
661,150,1992,811,11164778
661,150,1997,811,11164778
661,150,2002,811,11164778
661,150,2007,811,11164778
662,150,2008,812,11178445
663,150,2008,813,11194843
664,150,2009,814,11213849
665,150,2009,815,11218649
666,150,2009,816,11229573
668,150,2009,818,11261056
669,150,2009,819,11278909
670,150,2009,820,11291730
672,150,2009,822,11310618
672,150,2009,822,11310618
673,150,2011,823,11327150
673,152,2011,825,11345089
673,152,2011,825,11345089
673,152,2011,825,11345089
673,152,2014,825,11345089
673,152,2015,825,11345089
674,152,2016,826,11358756
675,152,2016,827,11375154
676,152,2016,828,11390840
676,152,2016,828,11390840
676,152,2018,828,11390840
676,152,2019,828,11390840
678,152,2019,830,11427518
679,152,2020,831,11437229
680,152,2020,832,11456338
680,152,2022,832,11456338
680,152,2023,832,11456338
680,152,2024,832,11456338
680,152,2026,832,11456338
680,152,2027,832,11456338
680,152,2028,832,11456338
680,152,2028,832,11456338
680,152,2028,832,11456338
684,152,2028,836,11512884
686,152,2028,838,11544367
687,152,2028,839,11558345
688,152,2029,840,11577351
689,152,2031,841,11582151
691,152,2031,843,11613634
692,152,2031,844,11627612
693,152,2031,845,11638697
693,152,2035,845,11638697
693,152,2039,845,11638697
695,152,2039,847,11676183
696,152,2039,848,11679081
697,152,2040,849,11697506
698,152,2040,850,11711378
700,152,2040,852,11747345
700,153,2040,853,11750381
701,153,2041,854,11763611
702,153,2041,855,11781464
704,153,2041,857,11817048
705,153,2041,858,11835377
706,153,2041,859,11842352
706,153,2041,859,11842352
706,153,2041,859,11842352
706,153,2041,859,11842352
706,153,2041,859,11842352
707,153,2042,860,11853622
707,154,2042,861,11864742
707,154,2042,861,11864742
707,154,2045,861,11864742
707,154,2048,861,11864742
707,154,2051,861,11864742
707,154,2054,861,11864742
707,154,2057,861,11864742
707,154,2060,861,11864742
707,154,2063,861,11864742
707,154,2066,861,11864742
707,154,2069,861,11864742
707,154,2072,861,11864742
707,154,2075,861,11864742
707,154,2078,861,11864742
707,154,2081,861,11864742
707,154,2084,861,11864742
707,154,2086,861,11864742
707,154,2088,861,11864742
708,154,2089,862,11874453
709,154,2089,863,11890068
710,154,2089,864,11902315
710,154,2089,864,11902315
712,154,2089,866,11937935
713,154,2089,867,11954672
713,155,2089,868,11961859
714,155,2089,869,11967589
715,155,2090,870,11986595
716,155,2090,871,11989689
717,155,2090,872,11995045
719,155,2090,874,12026528
720,155,2092,875,12040506
721,155,2092,876,12051591
722,155,2092,877,12066272
722,155,2092,877,12066272
722,155,2096,877,12066272
722,155,2101,877,12066272
722,155,2101,877,12066272
722,155,2101,877,12066272
725,155,2101,880,12108331
728,155,2102,883,12146624
729,155,2106,884,12161305
729,155,2111,884,12161305
729,155,2116,884,12161305
729,155,2121,884,12161305
729,155,2121,884,12161305
729,155,2121,884,12161305
731,155,2121,886,12192788
732,155,2121,887,12206766
733,155,2122,888,12216477
734,155,2122,889,12232092
737,155,2122,892,12262154
739,155,2122,894,12293490
741,155,2122,896,12324973
742,155,2122,897,12338951
743,155,2122,898,12350036
744,155,2122,899,12364717
744,155,2124,899,12364717
744,155,2125,899,12364717
744,155,2126,899,12364717
744,155,2129,899,12364717
744,155,2130,899,12364717
744,155,2132,899,12364717
745,155,2132,900,12382903
746,155,2132,901,12398167
746,155,2132,901,12398167
746,155,2132,901,12398167
748,155,2132,903,12434845
748,155,2132,903,12434845
748,155,2132,903,12434845
749,155,2134,904,12443179
750,155,2134,905,12456097
750,155,2138,905,12456097
750,155,2142,905,12456097
750,155,2146,905,12456097
750,155,2146,905,12456097
750,155,2150,905,12456097
750,155,2154,905,12456097
752,155,2154,907,12484061
752,155,2154,907,12484061
752,155,2154,907,12484061
752,155,2154,907,12484061
753,155,2155,908,12497728
754,155,2155,909,12514126
755,155,2155,910,12529812
756,155,2155,911,12548065
756,155,2156,911,12548065
757,155,2157,912,12562096
758,155,2157,913,12572036
758,156,2157,914,12578556
760,156,2157,916,12615815
761,156,2157,917,12620615
762,156,2157,918,12631539
762,156,2157,918,12631539
762,156,2157,918,12631539
762,156,2161,918,12631539
762,156,2165,918,12631539
762,156,2169,918,12631539
762,156,2173,918,12631539
762,156,2173,918,12631539
762,156,2177,918,12631539
762,156,2181,918,12631539
762,156,2181,918,12631539
762,156,2181,918,12631539
762,156,2181,918,12631539
762,156,2184,918,12631539
762,156,2185,918,12631539
762,156,2185,918,12631539
762,156,2185,918,12631539
762,156,2189,918,12631539
762,156,2193,918,12631539
762,156,2197,918,12631539
763,156,2198,919,12644769
764,156,2198,920,12658747
765,156,2198,921,12669832
765,156,2202,921,12669832
765,156,2206,921,12669832
765,156,2210,921,12669832
765,156,2214,921,12669832
765,156,2218,921,12669832
766,156,2218,922,12684513
766,156,2222,922,12684513
766,156,2227,922,12684513
766,156,2231,922,12684513
766,156,2236,922,12684513
768,156,2236,924,12715996
769,156,2236,925,12729974
770,156,2236,926,12741059
770,156,2240,926,12741059
770,156,2244,926,12741059
770,156,2248,926,12741059
770,156,2252,926,12741059
772,156,2252,928,12777737
773,156,2253,929,12791100
774,156,2253,930,12806677
776,156,2254,932,12833885
778,156,2254,934,12870563
779,156,2254,935,12884435
780,156,2255,936,12897665
781,156,2255,937,12915518
782,156,2255,938,12928339
784,156,2255,940,12947227
786,156,2255,942,12978710
787,156,2255,943,12992688
788,156,2255,944,13003773
789,156,2256,945,13016856
790,156,2256,946,13032616
791,156,2257,947,13042327
791,156,2257,947,13042327
791,156,2257,947,13042327
791,156,2260,947,13042327
792,156,2260,948,13049994
792,156,2260,948,13049994
792,156,2264,948,13049994
792,156,2267,948,13049994
792,156,2269,948,13049994
792,156,2269,948,13049994
792,156,2269,948,13049994
792,156,2269,948,13049994
794,156,2269,950,13077958
794,156,2269,950,13077958
796,156,2270,952,13105166
797,156,2270,953,13116251
798,156,2274,954,13130932
798,156,2279,954,13130932
798,156,2284,954,13130932
798,156,2289,954,13130932
798,156,2294,954,13130932
798,156,2299,954,13130932
798,156,2304,954,13130932
798,156,2309,954,13130932
798,156,2314,954,13130932
798,156,2319,954,13130932
798,156,2324,954,13130932
798,156,2329,954,13130932
798,156,2334,954,13130932
798,156,2338,954,13130932
798,156,2342,954,13130932
798,156,2346,954,13130932
798,156,2351,954,13130932
798,156,2355,954,13130932
798,156,2359,954,13130932
798,156,2362,954,13130932
798,156,2364,954,13130932
798,156,2369,954,13130932
798,156,2374,954,13130932
798,156,2379,954,13130932
798,156,2384,954,13130932
798,156,2389,954,13130932
798,156,2393,954,13130932
799,156,2394,955,13144599
800,156,2394,956,13160997
801,156,2394,957,13176683
801,156,2398,957,13176683
801,156,2401,957,13176683
801,156,2404,957,13176683
801,156,2406,957,13176683
803,156,2406,959,13213942
804,156,2407,960,13232367
805,156,2407,961,13246239
805,156,2409,961,13246239
806,156,2409,962,13249928
806,156,2409,962,13249928
806,156,2409,962,13249928
806,156,2409,962,13249928
808,156,2409,964,13286606
809,156,2409,965,13300478
810,156,2410,966,13314509
811,156,2410,967,13326385
811,156,2410,967,13326385
811,156,2410,967,13326385
811,156,2410,967,13326385
811,156,2413,967,13326385
813,156,2413,969,13354349
814,156,2413,970,13373458
815,156,2416,971,13387829
815,156,2416,971,13387829
815,156,2416,971,13387829
815,156,2416,971,13387829
815,156,2416,971,13387829
816,156,2417,972,13407062
817,156,2417,973,13413004
818,156,2417,974,13427712
818,156,2417,974,13427712
818,156,2417,974,13427712
818,156,2421,974,13427712
818,156,2421,974,13427712
818,156,2424,974,13427712
818,156,2425,974,13427712
818,156,2428,974,13427712
818,156,2429,974,13427712
820,156,2429,976,13459195
821,156,2429,977,13474621
821,157,2429,978,13487760
821,157,2429,978,13487760
823,157,2429,980,13519243
824,157,2429,981,13533221
825,157,2429,982,13544306
826,157,2430,983,13557669
827,157,2430,984,13573246
828,157,2430,985,13587507
829,157,2431,986,13597218
830,157,2431,987,13615404
831,157,2431,988,13630668
831,157,2431,988,13630668
831,157,2431,988,13630668
831,157,2433,988,13630668
831,157,2434,988,13630668
831,157,2435,988,13630668
831,157,2435,988,13630668
831,157,2435,988,13630668
832,157,2439,989,13645349
832,157,2444,989,13645349
832,157,2449,989,13645349
832,157,2453,989,13645349
832,157,2455,989,13645349
832,157,2460,989,13645349
832,157,2464,989,13645349
832,157,2468,989,13645349
832,157,2472,989,13645349
832,157,2475,989,13645349
832,157,2477,989,13645349
832,157,2478,989,13645349
832,157,2479,989,13645349
832,157,2483,989,13645349
832,157,2485,989,13645349
832,157,2488,989,13645349
832,157,2489,989,13645349
832,157,2491,989,13645349
832,157,2492,989,13645349
833,157,2492,990,13647421
835,157,2492,992,13670426
837,157,2492,994,13701909
838,157,2492,995,13715887
839,157,2492,996,13726972
840,157,2493,997,13736683
840,157,2493,997,13736683
840,157,2493,997,13736683
841,157,2495,998,13754869
842,157,2496,999,13768536
843,157,2496,1000,13784934
845,157,2496,1002,13816417
846,157,2496,1003,13830395
847,157,2496,1004,13845076
847,157,2500,1004,13845076
847,157,2504,1004,13845076
848,157,2507,1005,13856161
848,157,2509,1005,13856161
848,157,2510,1005,13856161
850,157,2510,1007,13890474
851,157,2510,1008,13897162
852,157,2511,1009,13916168
853,157,2511,1010,13919263
853,157,2511,1010,13919263
853,157,2514,1010,13919263
853,157,2516,1010,13919263
853,157,2517,1010,13919263
853,157,2518,1010,13919263
853,157,2520,1010,13919263
853,157,2521,1010,13919263
853,157,2521,1010,13919263
853,157,2521,1010,13919263
853,157,2521,1010,13919263
853,157,2521,1010,13919263
853,157,2521,1010,13919263
853,157,2523,1010,13919263
853,157,2524,1010,13919263
853,157,2524,1010,13919263
853,157,2524,1010,13919263
853,157,2527,1010,13919263
853,157,2528,1010,13919263
853,157,2530,1010,13919263
853,157,2534,1010,13919263
853,157,2536,1010,13919263
853,157,2540,1010,13919263
853,157,2542,1010,13919263
853,157,2545,1010,13919263
853,157,2546,1010,13919263
853,157,2548,1010,13919263
853,157,2549,1010,13919263
853,157,2550,1010,13919263
853,157,2550,1010,13919263
853,157,2550,1010,13919263
855,157,2550,1012,13955941
856,157,2550,1013,13969813
857,157,2551,1014,13983844
858,157,2551,1015,13995720
858,157,2551,1015,13995720
860,157,2551,1017,14032398
861,157,2551,1018,14046270
862,157,2552,1019,14055981
863,157,2552,1020,14071596
864,157,2552,1021,14083843
864,157,2554,1021,14083843
864,157,2555,1021,14083843
864,157,2556,1021,14083843
865,157,2557,1022,14093554
866,157,2557,1023,14111740
868,157,2557,1025,14143223
870,157,2559,1027,14168286
870,157,2562,1027,14168286
871,157,2563,1028,14181369
872,157,2563,1029,14197726
874,157,2563,1031,14219641
874,157,2563,1031,14219641
874,157,2563,1031,14219641
874,157,2568,1031,14219641
874,157,2573,1031,14219641
874,157,2578,1031,14219641
874,157,2583,1031,14219641
876,157,2584,1033,14247538
876,157,2589,1033,14247538
876,157,2592,1033,14247538
876,157,2595,1033,14247538
876,157,2597,1033,14247538
876,157,2599,1033,14247538
876,157,2600,1033,14247538
877,157,2603,1034,14262802
877,157,2603,1034,14262802
877,157,2603,1034,14262802
880,157,2603,1037,14309728
880,157,2603,1037,14309728
880,157,2605,1037,14309728
880,157,2608,1037,14309728
880,157,2608,1037,14309728
880,157,2611,1037,14309728
880,157,2614,1037,14309728
880,157,2617,1037,14309728
880,157,2617,1037,14309728
880,157,2617,1037,14309728
880,157,2617,1037,14309728
880,157,2617,1037,14309728
880,157,2620,1037,14309728
883,157,2621,1040,14344458
883,157,2623,1040,14344458
883,157,2627,1040,14344458
883,157,2630,1040,14344458
883,157,2631,1040,14344458
883,157,2631,1040,14344458
883,157,2631,1040,14344458
883,157,2635,1040,14344458
883,157,2638,1040,14344458
884,157,2639,1041,14357688
885,157,2639,1042,14371666
886,157,2639,1043,14382751
887,157,2643,1044,14397432
887,157,2643,1044,14397432
887,157,2643,1044,14397432
887,157,2643,1044,14397432
887,157,2643,1044,14397432
887,157,2648,1044,14397432
887,157,2653,1044,14397432
887,157,2657,1044,14397432
887,157,2661,1044,14397432
887,157,2663,1044,14397432
890,157,2664,1047,14424119
890,157,2667,1047,14424119
890,157,2670,1047,14424119
890,157,2672,1047,14424119
890,157,2676,1047,14424119
892,157,2676,1049,14452083
893,157,2676,1050,14460341
894,157,2676,1051,14474225
894,157,2680,1051,14474225
894,157,2684,1051,14474225
894,157,2684,1051,14474225
894,157,2684,1051,14474225
894,157,2688,1051,14474225
896,157,2689,1053,14494974
896,157,2693,1053,14494974
896,157,2696,1053,14494974
896,157,2700,1053,14494974
896,157,2704,1053,14494974
896,157,2706,1053,14494974
896,157,2707,1053,14494974
896,157,2710,1053,14494974
896,157,2713,1053,14494974
896,157,2716,1053,14494974
897,157,2717,1054,14513399
897,157,2720,1054,14513399
899,157,2720,1056,14545683
900,157,2720,1057,14557559
900,157,2720,1057,14557559
900,157,2720,1057,14557559
901,157,2721,1058,14569256
901,158,2721,1059,14578361
901,159,2721,1060,14588915
901,159,2725,1060,14588915
901,159,2725,1060,14588915
901,159,2729,1060,14588915
903,159,2730,1062,14623019
903,159,2732,1062,14623019
904,159,2735,1063,14628749
904,159,2735,1063,14628749
904,159,2739,1063,14628749
906,159,2739,1065,14661033
907,159,2739,1066,14672909
907,159,2739,1066,14672909
907,159,2739,1066,14672909
907,159,2739,1066,14672909
907,159,2739,1066,14672909
907,159,2742,1066,14672909
907,159,2742,1066,14672909
907,159,2742,1066,14672909
907,159,2742,1066,14672909
907,159,2742,1066,14672909
907,159,2742,1066,14672909
907,159,2742,1066,14672909
908,159,2743,1067,14685992
909,159,2743,1068,14701752
910,159,2743,1069,14709419
910,159,2743,1069,14709419
910,159,2743,1069,14709419
910,159,2743,1069,14709419
912,159,2743,1071,14745039
912,159,2743,1071,14745039
912,159,2743,1071,14745039
912,159,2743,1071,14745039
913,159,2745,1072,14761776
914,159,2745,1073,14767506
914,159,2745,1073,14767506
914,159,2745,1073,14767506
916,159,2745,1075,14797029
917,159,2745,1076,14803215
918,159,2745,1077,14812651
918,159,2745,1077,14812651
918,159,2745,1077,14812651
918,159,2745,1077,14812651
918,159,2749,1077,14812651
918,159,2753,1077,14812651
918,159,2753,1077,14812651
920,159,2753,1079,14844134
921,159,2753,1080,14861987
922,159,2753,1081,14874808
924,159,2753,1083,14893696
926,159,2753,1085,14930374
927,159,2753,1086,14944246
928,159,2754,1087,14963252
929,159,2754,1088,14968052
930,159,2757,1089,14978976
930,159,2757,1089,14978976
930,159,2761,1089,14978976
930,159,2761,1089,14978976
930,159,2761,1089,14978976
930,159,2765,1089,14978976
930,159,2769,1089,14978976
930,159,2769,1089,14978976
930,159,2769,1089,14978976
930,159,2773,1089,14978976
930,159,2773,1089,14978976
930,159,2773,1089,14978976
930,159,2777,1089,14978976
932,159,2777,1091,15015649
933,159,2777,1092,15035346
934,159,2778,1093,15053771
935,159,2778,1094,15067643
936,159,2781,1095,15081016
936,159,2781,1095,15081016
936,159,2781,1095,15081016
936,159,2781,1095,15081016
936,159,2781,1095,15081016
936,159,2781,1095,15081016
936,159,2781,1095,15081016
936,159,2781,1095,15081016
936,159,2781,1095,15081016
936,159,2785,1095,15081016
936,159,2789,1095,15081016
936,159,2793,1095,15081016
936,159,2796,1095,15081016
936,160,2796,1096,15087213
936,160,2796,1096,15087213
936,160,2796,1096,15087213
936,160,2796,1096,15087213
936,160,2796,1096,15087213
936,160,2796,1096,15087213
940,160,2797,1100,15140187
940,160,2802,1100,15140187
940,160,2807,1100,15140187
940,160,2812,1100,15140187
940,160,2816,1100,15140187
940,160,2820,1100,15140187
940,160,2824,1100,15140187
940,160,2828,1100,15140187
940,160,2832,1100,15140187
940,160,2835,1100,15140187
940,160,2837,1100,15140187
940,160,2841,1100,15140187
940,160,2841,1100,15140187
943,160,2841,1103,15190737
943,160,2843,1103,15190737
944,160,2844,1104,15208068
945,160,2844,1105,15226397
947,160,2844,1107,15263656
948,160,2844,1108,15268456
949,160,2844,1109,15279380
949,160,2844,1109,15279380
951,160,2845,1111,15306588
952,160,2845,1112,15317673
954,160,2845,1114,15351338
955,160,2845,1115,15359496
956,160,2845,1116,15371910
957,160,2846,1117,15385140
958,160,2847,1118,15404373
959,160,2847,1119,15407271
960,160,2847,1120,15409343
962,160,2847,1122,15432348
963,160,2848,1123,15445578
964,160,2848,1124,15459556
966,160,2848,1126,15496815
967,160,2848,1127,15500240
968,160,2848,1128,15509305
970,160,2849,1130,15536184
971,160,2849,1131,15548974
971,160,2849,1131,15548974
971,160,2849,1131,15548974
971,160,2849,1131,15548974
971,160,2851,1131,15548974
971,160,2853,1131,15548974
971,160,2855,1131,15548974
971,160,2857,1131,15548974
971,160,2858,1131,15548974
971,160,2860,1131,15548974
971,160,2862,1131,15548974
973,160,2862,1133,15586460
973,160,2862,1133,15586460
973,160,2862,1133,15586460
974,160,2863,1134,15597730
975,160,2863,1135,15603916
976,160,2863,1136,15613352
976,160,2863,1136,15613352
976,160,2863,1136,15613352
976,160,2863,1136,15613352
978,160,2863,1138,15647017
978,160,2865,1138,15647017
978,160,2867,1138,15647017
978,160,2869,1138,15647017
978,161,2869,1139,15660350
978,161,2869,1139,15660350
978,161,2871,1139,15660350
978,161,2872,1139,15660350
978,161,2873,1139,15660350
978,161,2873,1139,15660350
978,161,2873,1139,15660350
978,161,2875,1139,15660350
978,161,2875,1139,15660350
978,161,2875,1139,15660350
980,161,2875,1141,15688314
981,161,2875,1142,15696572
982,161,2875,1143,15710456
982,161,2875,1143,15710456
982,161,2879,1143,15710456
982,161,2879,1143,15710456
982,161,2879,1143,15710456
982,161,2883,1143,15710456
983,161,2884,1144,15723686
984,161,2884,1145,15737664
985,161,2884,1146,15748749
986,161,2888,1147,15763430
986,161,2888,1147,15763430
986,161,2892,1147,15763430
986,161,2897,1147,15763430
986,161,2897,1147,15763430
986,161,2901,1147,15763430
986,161,2906,1147,15763430
986,161,2906,1147,15763430
986,161,2910,1147,15763430
986,161,2911,1147,15763430
986,161,2915,1147,15763430
986,161,2920,1147,15763430
986,161,2925,1147,15763430
986,161,2930,1147,15763430
986,161,2935,1147,15763430
986,161,2939,1147,15763430
986,161,2940,1147,15763430
986,161,2940,1147,15763430
988,161,2940,1149,15800689
989,161,2940,1150,15805489
990,161,2940,1151,15816413
990,161,2940,1151,15816413
990,161,2940,1151,15816413
990,161,2940,1151,15816413
990,161,2940,1151,15816413
991,161,2941,1152,15833744
992,161,2941,1153,15852073
993,161,2941,1154,15859048
993,161,2941,1154,15859048
993,161,2941,1154,15859048
993,161,2941,1154,15859048
993,161,2941,1154,15859048
994,161,2942,1155,15876507
995,161,2942,1156,15895105
997,161,2942,1158,15918369
997,161,2942,1158,15918369
997,161,2942,1158,15918369
997,161,2942,1158,15918369
998,161,2943,1159,15937602
1000,161,2943,1161,15954945
1000,161,2943,1161,15954945
1000,161,2943,1161,15954945
1000,161,2945,1161,15954945
1000,161,2946,1161,15954945
1000,161,2947,1161,15954945
1000,161,2952,1161,15954945
1000,161,2952,1161,15954945
1000,161,2952,1161,15954945
1000,161,2952,1161,15954945
1000,161,2957,1161,15954945
1000,161,2957,1161,15954945
1000,161,2962,1161,15954945
1001,161,2963,1162,15972659
1002,161,2963,1163,15975694
1004,161,2963,1165,16012372
1005,161,2963,1166,16026244
1006,161,2964,1167,16044664
1007,161,2964,1168,16050115
1007,161,2964,1168,16050115
1007,161,2964,1168,16050115
1007,161,2964,1168,16050115
1007,161,2967,1168,16050115
1007,161,2967,1168,16050115
1007,161,2967,1168,16050115
1007,161,2970,1168,16050115
1009,161,2970,1170,16085699
1009,161,2970,1170,16085699
1009,161,2970,1170,16085699
1010,161,2971,1171,16104119
1010,161,2971,1171,16104119
1010,161,2971,1171,16104119
1010,161,2971,1171,16104119
1012,161,2971,1173,16134069
1013,161,2971,1174,16143173
1014,161,2971,1175,16153726
1014,161,2975,1175,16153726
1014,161,2975,1175,16153726
1014,161,2975,1175,16153726
1014,161,2975,1175,16153726
1014,161,2979,1175,16153726
1014,161,2979,1175,16153726
1014,161,2979,1175,16153726
1015,161,2980,1176,16171057
1015,161,2982,1176,16171057
1015,161,2983,1176,16171057
1015,161,2984,1176,16171057
1015,161,2988,1176,16171057
1015,161,2988,1176,16171057
1015,161,2988,1176,16171057
1015,161,2988,1176,16171057
1015,161,2988,1176,16171057
1017,161,2988,1178,16206641
1018,161,2988,1179,16224970
1019,161,2988,1180,16231945
1020,161,2989,1181,16250370
1021,161,2989,1182,16264242
1023,161,2989,1184,16296162
1024,161,2989,1185,16312560
1025,161,2989,1186,16328246
1027,161,2989,1188,16359862
1028,162,2991,1190,16381018
1029,162,2991,1191,16395279
1029,162,2994,1191,16395279
1030,162,2995,1192,16408509
1031,162,2995,1193,16418429
1031,162,2995,1193,16418429
1031,162,2995,1193,16418429
1031,162,2998,1193,16418429
1031,162,2998,1193,16418429
1031,162,2998,1193,16418429
1031,162,2998,1193,16418429
1031,162,2998,1193,16418429
1031,162,2998,1193,16418429
1031,162,2998,1193,16418429
1031,162,2998,1193,16418429
1031,162,3000,1193,16418429
1031,162,3001,1193,16418429
1031,162,3002,1193,16418429
1031,162,3003,1193,16418429
1032,162,3005,1194,16432407
1033,162,3005,1195,16443492
1033,162,3007,1195,16443492
1033,162,3008,1195,16443492
1033,162,3010,1195,16443492
1033,162,3011,1195,16443492
1034,162,3011,1196,16454577
1036,162,3011,1198,16486193
1037,162,3011,1199,16502723
1038,162,3011,1200,16511105
1039,162,3012,1201,16524335
1040,162,3012,1202,16538313
1041,162,3012,1203,16549398
1042,162,3013,1204,16563065
1043,162,3013,1205,16579463
1044,162,3015,1206,16595995
1044,162,3019,1206,16595995
1046,162,3019,1208,16625518
1047,162,3019,1209,16636637
1047,162,3019,1209,16636637
1048,162,3020,1210,16653968
1049,162,3020,1211,16672297
1050,162,3020,1212,16679272
1051,162,3021,1213,16697697
1052,162,3021,1214,16711569
1053,162,3021,1215,16724942
1055,162,3021,1217,16762201
1056,162,3021,1218,16767001
1057,162,3021,1219,16777925
1057,162,3021,1219,16777925
1057,162,3021,1219,16777925
1057,162,3025,1219,16777925
1057,162,3029,1219,16777925
1057,162,3033,1219,16777925
1057,162,3037,1219,16777925
1057,162,3041,1219,16777925
1057,162,3045,1219,16777925
1057,162,3045,1219,16777925
1057,162,3045,1219,16777925
1057,162,3045,1219,16777925
1057,162,3049,1219,16777925
1058,162,3050,1220,16791155
1058,162,3054,1220,16791155
1059,162,3056,1221,16805133
1060,162,3056,1222,16816218
1061,162,3060,1223,16830899
1061,162,3064,1223,16830899
1061,162,3069,1223,16830899
1061,162,3074,1223,16830899
1061,162,3079,1223,16830899
1061,162,3084,1223,16830899
1063,162,3084,1225,16866483
1064,162,3084,1226,16884812
1065,162,3084,1227,16891787
1065,162,3084,1227,16891787
1065,162,3084,1227,16891787
1065,162,3084,1227,16891787
1065,162,3084,1227,16891787
1066,162,3085,1228,16905017
1067,162,3085,1229,16918995
1068,162,3085,1230,16930080
1069,162,3089,1231,16944761
1069,162,3094,1231,16944761
1069,162,3099,1231,16944761
1069,162,3103,1231,16944761
1069,162,3107,1231,16944761
1069,162,3111,1231,16944761
1069,162,3116,1231,16944761
1069,162,3119,1231,16944761
1069,162,3121,1231,16944761
1069,162,3126,1231,16944761
1069,162,3131,1231,16944761
1069,162,3136,1231,16944761
1069,162,3141,1231,16944761
1069,162,3145,1231,16944761
1069,162,3149,1231,16944761
1070,162,3150,1232,16962220
1071,162,3150,1233,16980818
1073,162,3150,1235,17004082
1073,162,3150,1235,17004082
1073,162,3150,1235,17004082
1073,162,3150,1235,17004082
1073,162,3155,1235,17004082
1073,162,3160,1235,17004082
1073,162,3165,1235,17004082
1073,162,3168,1235,17004082
1073,162,3171,1235,17004082
1073,162,3173,1235,17004082
1074,162,3173,1236,17022335
1075,162,3174,1237,17039666
1076,162,3174,1238,17057995
1077,162,3174,1239,17064970
1077,162,3174,1239,17064970
1077,162,3174,1239,17064970
1078,162,3175,1240,17078200
1079,162,3175,1241,17092178
1080,162,3175,1242,17103263
1082,162,3175,1244,17134746
1082,162,3175,1244,17134746
1082,162,3175,1244,17134746
1082,162,3177,1244,17134746
1082,162,3177,1244,17134746
1082,162,3177,1244,17134746
1082,162,3177,1244,17134746
1083,162,3178,1245,17152077
1085,162,3178,1247,17183560
1086,162,3178,1248,17197538
1087,162,3181,1249,17208623
1088,162,3181,1250,17223304
1088,162,3181,1250,17223304
1088,162,3185,1250,17223304
1091,162,3185,1253,17271450
1091,162,3187,1253,17271450
1091,162,3190,1253,17271450
1092,162,3190,1254,17283299
1092,162,3190,1254,17283299
1093,162,3192,1255,17298876
1094,162,3192,1256,17304454
1095,162,3193,1257,17317684
1096,162,3193,1258,17331662
1097,162,3193,1259,17342747
1100,162,3194,1262,17370203
1102,162,3194,1264,17406881
1103,162,3194,1265,17420753
1104,162,3195,1266,17436165
1105,162,3195,1267,17441169
1106,162,3195,1268,17448348
1106,162,3195,1268,17448348
1106,162,3195,1268,17448348
1108,162,3195,1270,17480758
1109,162,3195,1271,17486070
1110,162,3195,1272,17495083
1110,162,3195,1272,17495083
1110,162,3195,1272,17495083
1111,162,3196,1273,17508313
1112,162,3196,1274,17524845
1113,162,3196,1275,17537211
1113,162,3198,1275,17537211
1113,162,3198,1275,17537211
1114,162,3199,1276,17554542
1114,163,3199,1277,17564774
1114,163,3199,1277,17564774
1114,163,3201,1277,17564774
1114,163,3202,1277,17564774
1114,163,3203,1277,17564774
1114,163,3205,1277,17564774
1114,163,3206,1277,17564774
1116,163,3206,1279,17601452
1117,163,3206,1280,17615324
1117,164,3206,1281,17625698
1118,164,3206,1282,17639071
1119,164,3207,1283,17648782
1120,164,3207,1284,17667891
1121,164,3210,1285,17682262
1121,164,3210,1285,17682262
1124,164,3210,1288,17736175
1125,164,3213,1289,17743150
1125,164,3217,1289,17743150
1127,164,3218,1291,17770358
1128,164,3221,1292,17781443
1130,164,3221,1294,17818121
1130,164,3221,1294,17818121
1130,164,3221,1294,17818121
1130,164,3221,1294,17818121
1131,164,3222,1295,17835835
1132,164,3222,1296,17838870
1134,164,3222,1298,17870353
1135,164,3222,1299,17884331
1136,164,3222,1300,17895416
1137,164,3223,1301,17913841
1138,164,3223,1302,17927713
1139,164,3224,1303,17937424
1140,164,3224,1304,17955610
1141,164,3224,1305,17970874
1141,164,3224,1305,17970874
1141,164,3224,1305,17970874
1142,164,3225,1306,17984104
1143,164,3225,1307,17998082
1144,164,3225,1308,18009167
1145,164,3229,1309,18023848
1145,164,3229,1309,18023848
1145,164,3229,1309,18023848
1145,164,3229,1309,18023848
1145,164,3229,1309,18023848
1147,164,3229,1311,18057513
1148,164,3229,1312,18062517
1149,164,3229,1313,18069696
1149,164,3229,1313,18069696
1150,164,3230,1314,18088929
1152,164,3230,1316,18106272
1152,164,3230,1316,18106272
1152,164,3230,1316,18106272
1153,164,3231,1317,18115983
1153,164,3235,1317,18115983
1153,164,3237,1317,18115983
1153,164,3237,1317,18115983
1153,164,3237,1317,18115983
1153,164,3237,1317,18115983
1153,164,3237,1317,18115983
1153,164,3237,1317,18115983
1153,164,3239,1317,18115983
1153,164,3241,1317,18115983
1153,164,3243,1317,18115983
1153,164,3245,1317,18115983
1153,164,3246,1317,18115983
1153,164,3247,1317,18115983
1153,164,3247,1317,18115983
1154,164,3248,1318,18133697
1155,164,3248,1319,18136732
1156,164,3249,1320,18149962
1157,164,3249,1321,18163940
1158,164,3249,1322,18175025
1158,164,3253,1322,18175025
1159,164,3257,1323,18189706
1159,164,3257,1323,18189706
1159,164,3257,1323,18189706
1159,164,3257,1323,18189706
1159,164,3257,1323,18189706
1159,164,3257,1323,18189706
1159,164,3257,1323,18189706
1159,164,3257,1323,18189706
1159,164,3257,1323,18189706
1159,164,3260,1323,18189706
1161,164,3260,1325,18224019
1162,164,3262,1326,18230707
1162,164,3264,1326,18230707
1162,164,3267,1326,18230707
1162,164,3267,1326,18230707
1162,164,3267,1326,18230707
1162,164,3267,1326,18230707
1163,164,3268,1327,18249132
1163,164,3268,1327,18249132
1163,164,3268,1327,18249132
1163,164,3268,1327,18249132
1163,164,3268,1327,18249132
1163,164,3268,1327,18249132
1163,164,3268,1327,18249132
1163,164,3268,1327,18249132
1165,164,3268,1329,18278655
1166,164,3268,1330,18284841
1167,164,3268,1331,18294277
1167,164,3268,1331,18294277
1167,164,3268,1331,18294277
1167,164,3268,1331,18294277
1167,164,3268,1331,18294277
1168,164,3269,1332,18313283
1169,164,3269,1333,18316377
1170,164,3269,1334,18321733
1170,164,3269,1334,18321733
1170,164,3269,1334,18321733
1170,164,3269,1334,18321733
1170,164,3269,1334,18321733
1170,164,3269,1334,18321733
1172,164,3269,1336,18357317
1173,164,3269,1337,18376680
1175,164,3269,1339,18413353
1176,164,3269,1340,18418804
1176,164,3269,1340,18418804
1177,164,3270,1341,18432034
1178,164,3270,1342,18446012
1179,164,3270,1343,18457097
1180,164,3270,1344,18471778
1180,164,3270,1344,18471778
1182,164,3270,1346,18503261
1183,164,3270,1347,18519793
1184,164,3273,1348,18532159
1184,164,3273,1348,18532159
1184,164,3277,1348,18532159
1185,164,3278,1349,18550584
1186,164,3278,1350,18564456
1187,164,3278,1351,18577829
1189,164,3278,1353,18605793
1190,164,3278,1354,18621408
1193,164,3278,1357,18651470
1194,164,3279,1358,18665645
1195,164,3279,1359,18669458
1196,164,3279,1360,18682637
1197,164,3280,1361,18698697
1198,164,3280,1362,18705385
1198,164,3280,1362,18705385
1200,164,3280,1364,18742063
1201,164,3280,1365,18755935
1202,164,3281,1366,18771347
1202,165,3281,1367,18789108
1202,166,3281,1368,18794789
1202,166,3281,1368,18794789
1202,166,3281,1368,18794789
1204,166,3281,1370,18826709
1205,166,3281,1371,18843107
1208,166,3282,1374,18881400
1208,166,3285,1374,18881400
1208,166,3289,1374,18881400
1209,166,3292,1375,18897086
1209,166,3292,1375,18897086
1209,166,3294,1375,18897086
1209,166,3295,1375,18897086
1209,166,3296,1375,18897086
1209,166,3300,1375,18897086
1209,166,3304,1375,18897086
1209,166,3308,1375,18897086
1209,166,3312,1375,18897086
1209,166,3316,1375,18897086
1211,166,3316,1377,18933764
1212,166,3316,1378,18947636
1213,166,3317,1379,18960866
1214,166,3317,1380,18974844
1215,166,3317,1381,18985929
1215,166,3319,1381,18985929
1215,166,3320,1381,18985929
1215,166,3322,1381,18985929
1215,166,3323,1381,18985929
1215,166,3324,1381,18985929
1215,166,3324,1381,18985929
1215,166,3324,1381,18985929
1215,166,3328,1381,18985929
1215,166,3330,1381,18985929
1215,166,3331,1381,18985929
1215,166,3332,1381,18985929
1215,166,3334,1381,18985929
1215,167,3334,1382,19001583
1215,168,3334,1383,19010746
1215,168,3336,1383,19010746
1216,168,3336,1384,19028599
1217,168,3336,1385,19041420
1219,168,3336,1387,19060308
1219,168,3339,1387,19060308
1219,168,3340,1387,19060308
1219,168,3342,1387,19060308
1219,168,3343,1387,19060308
1219,168,3347,1387,19060308
1219,168,3351,1387,19060308
1219,168,3355,1387,19060308
1219,168,3356,1387,19060308
1219,168,3356,1387,19060308
1219,168,3358,1387,19060308
1219,168,3359,1387,19060308
1221,168,3359,1389,19096986
1222,168,3359,1390,19110858
1223,168,3360,1391,19124088
1224,168,3360,1392,19138066
1225,168,3360,1393,19149151
1226,168,3361,1394,19166865
1226,169,3361,1395,19170722
1226,170,3361,1396,19174749
1226,170,3364,1396,19174749
1228,170,3364,1398,19206232
1229,170,3364,1399,19220210
1230,170,3364,1400,19231295
1231,170,3365,1401,19244962
1232,170,3365,1402,19258174
1232,171,3365,1403,19274446
1234,171,3365,1405,19311124
1235,171,3366,1406,19324354
1237,171,3366,1408,19355970
1238,171,3366,1409,19372500
1239,171,3366,1410,19384349
1239,171,3366,1410,19384349
1239,171,3370,1410,19384349
1239,171,3374,1410,19384349
1239,171,3374,1410,19384349
1239,171,3374,1410,19384349
1239,171,3374,1410,19384349
1239,171,3374,1410,19384349
1239,171,3374,1410,19384349
1240,171,3376,1411,19399926
1241,171,3376,1412,19414187
1241,171,3376,1412,19414187
1241,171,3376,1412,19414187
1241,171,3376,1412,19414187
1246,171,3376,1417,19485414
1246,171,3381,1417,19485414
1246,171,3386,1417,19485414
1246,171,3391,1417,19485414
1246,171,3396,1417,19485414
1246,171,3401,1417,19485414
1246,171,3406,1417,19485414
1246,171,3411,1417,19485414
1246,171,3416,1417,19485414
1246,171,3421,1417,19485414
1246,171,3426,1417,19485414
1246,171,3431,1417,19485414
1246,171,3436,1417,19485414
1246,171,3441,1417,19485414
1246,171,3446,1417,19485414
1246,171,3451,1417,19485414
1246,171,3455,1417,19485414
1246,171,3460,1417,19485414
1246,171,3465,1417,19485414
1246,171,3470,1417,19485414
1246,171,3475,1417,19485414
1246,171,3480,1417,19485414
1246,171,3485,1417,19485414
1247,171,3486,1418,19502745
1249,171,3488,1420,19528049
1249,171,3488,1420,19528049
1249,171,3492,1420,19528049
1249,171,3496,1420,19528049
1249,171,3500,1420,19528049
1249,171,3504,1420,19528049
1249,171,3508,1420,19528049
1249,171,3512,1420,19528049
1249,171,3515,1420,19528049
1249,171,3517,1420,19528049
1249,171,3519,1420,19528049
1250,171,3519,1421,19537558
1251,171,3519,1422,19546883
1251,171,3519,1422,19546883
1251,171,3519,1422,19546883
1251,171,3519,1422,19546883
1251,171,3519,1422,19546883
1253,171,3519,1424,19579167
1254,171,3519,1425,19591043
1254,171,3519,1425,19591043
1254,171,3522,1425,19591043
1254,171,3525,1425,19591043
1255,171,3526,1426,19609468
1256,171,3526,1427,19623340
1258,171,3526,1429,19660958
1259,171,3526,1430,19670266
1260,171,3527,1431,19686326
1261,171,3527,1432,19693014
1265,171,3528,1436,19745988
1265,171,3533,1436,19745988
1265,171,3538,1436,19745988
1265,171,3543,1436,19745988
1265,171,3548,1436,19745988
1265,171,3553,1436,19745988
1265,171,3558,1436,19745988
1265,171,3563,1436,19745988
1265,171,3568,1436,19745988
1265,171,3572,1436,19745988
1266,171,3573,1437,19764994
1267,171,3573,1438,19769794
1268,171,3576,1439,19780718
1268,171,3580,1439,19780718
1268,171,3583,1439,19780718
1268,171,3588,1439,19780718
1268,171,3593,1439,19780718
1268,171,3598,1439,19780718
1268,171,3603,1439,19780718
1268,171,3608,1439,19780718
1268,171,3613,1439,19780718
1268,171,3617,1439,19780718
1268,171,3621,1439,19780718
1268,171,3625,1439,19780718
1268,171,3629,1439,19780718
1268,171,3633,1439,19780718
1268,171,3637,1439,19780718
1273,171,3637,1444,19851945
1273,171,3642,1444,19851945
1273,171,3647,1444,19851945
1273,171,3652,1444,19851945
1273,171,3657,1444,19851945
1273,171,3662,1444,19851945
1273,171,3667,1444,19851945
1273,171,3672,1444,19851945
1273,171,3677,1444,19851945
1273,171,3682,1444,19851945
1273,171,3687,1444,19851945
1275,171,3688,1446,19874693
1277,171,3688,1448,19906977
1279,171,3688,1450,19938460
1280,171,3689,1451,19956885
1281,172,3689,1453,19982524
1282,172,3690,1454,19996191
1283,172,3690,1455,20004443
1285,172,3690,1457,20040027
1286,172,3690,1458,20058356
1287,172,3691,1459,20072023
1288,172,3691,1460,20088421
1290,172,3691,1462,20125680
1291,172,3691,1463,20128774
1292,172,3691,1464,20134130
1292,172,3691,1464,20134130
1292,172,3691,1464,20134130
1292,172,3691,1464,20134130
1292,172,3695,1464,20134130
1292,172,3695,1464,20134130
1292,172,3695,1464,20134130
1292,172,3695,1464,20134130
1292,172,3699,1464,20134130
1292,172,3699,1464,20134130
1293,172,3700,1465,20150190
1293,172,3700,1465,20150190
1293,172,3700,1465,20150190
1295,172,3700,1467,20183855
1296,172,3700,1468,20188859
1297,172,3700,1469,20196038
1297,172,3700,1469,20196038
1298,172,3701,1470,20213752
1299,172,3701,1471,20216787
1301,172,3701,1473,20253465
1302,172,3701,1474,20267337
1303,172,3702,1475,20277048
1304,172,3702,1476,20295234
1306,172,3702,1478,20332720
1306,172,3702,1478,20332720
1306,172,3702,1478,20332720
1307,172,3703,1479,20350051
1307,172,3703,1479,20350051
1307,172,3703,1479,20350051
1309,172,3703,1481,20381971
1310,172,3703,1482,20395200
1311,172,3703,1483,20411035
1311,172,3707,1483,20411035
1311,172,3707,1483,20411035
1312,172,3708,1484,20420746
1312,172,3710,1484,20420746
1314,172,3710,1486,20448710
1315,172,3710,1487,20466896
1316,172,3711,1488,20480126
1317,172,3711,1489,20494104
1317,172,3713,1489,20494104
1317,172,3715,1489,20494104
1317,172,3717,1489,20494104
1317,172,3719,1489,20494104
1317,172,3721,1489,20494104
1317,172,3723,1489,20494104
1317,172,3725,1489,20494104
1317,172,3727,1489,20494104
1317,172,3729,1489,20494104
1317,172,3731,1489,20494104
1317,172,3733,1489,20494104
1317,172,3735,1489,20494104
1317,172,3737,1489,20494104
1317,172,3739,1489,20494104
1317,172,3741,1489,20494104
1317,172,3743,1489,20494104
1317,172,3745,1489,20494104
1318,172,3746,1490,20507771
1319,172,3748,1491,20516023
1319,172,3750,1491,20516023
1319,172,3753,1491,20516023
1321,172,3753,1493,20547506
1321,172,3753,1493,20547506
1321,172,3753,1493,20547506
1321,172,3753,1493,20547506
1321,172,3753,1493,20547506
1321,172,3755,1493,20547506
1322,172,3756,1494,20565931
1323,172,3756,1495,20574265
1324,172,3756,1496,20587183
1324,172,3756,1496,20587183
1324,172,3756,1496,20587183
1324,172,3756,1496,20587183
1324,172,3756,1496,20587183
1324,172,3756,1496,20587183
1324,172,3760,1496,20587183
1324,172,3762,1496,20587183
1326,172,3762,1498,20623861
1327,172,3762,1499,20637733
1328,172,3763,1500,20656739
1329,172,3763,1501,20661539
1331,172,3763,1503,20689503
1332,172,3763,1504,20707689
1333,172,3763,1505,20722953
1334,172,3764,1506,20736183
1335,172,3764,1507,20754036
1336,172,3764,1508,20766857
1338,172,3764,1510,20785745
1340,172,3764,1512,20818029
1341,172,3765,1513,20832186
1343,172,3765,1515,20868864
1344,172,3766,1516,20882094
1345,172,3766,1517,20900347
1345,172,3768,1517,20900347
1345,172,3769,1517,20900347
1345,172,3769,1517,20900347
1346,172,3770,1518,20916407
1347,172,3770,1519,20923095
1347,172,3770,1519,20923095
1347,172,3773,1519,20923095
1347,172,3775,1519,20923095
1347,172,3776,1519,20923095
1348,172,3777,1520,20938507
1349,172,3777,1521,20943511
1350,172,3777,1522,20950690
1350,172,3777,1522,20950690
1352,172,3777,1524,20987368
1353,172,3777,1525,21001240
1354,172,3778,1526,21020473
1354,173,3778,1527,21025006
1354,173,3778,1527,21025006
1354,173,3780,1527,21025006
1354,173,3781,1527,21025006
1354,173,3783,1527,21025006
1354,173,3784,1527,21025006
1356,173,3785,1529,21060666
1356,173,3788,1529,21060666
1356,173,3791,1529,21060666
1356,173,3794,1529,21060666
1356,173,3797,1529,21060666
1356,173,3800,1529,21060666
1356,173,3803,1529,21060666
1356,173,3806,1529,21060666
1356,173,3809,1529,21060666
1356,173,3812,1529,21060666
1356,173,3814,1529,21060666
1357,173,3815,1530,21079899
1358,173,3815,1531,21082797
1359,173,3815,1532,21084869
1360,173,3815,1533,21091036
1360,173,3815,1533,21091036
1360,173,3815,1533,21091036
1360,173,3817,1533,21091036
1360,173,3818,1533,21091036
1361,173,3818,1534,21104409
1361,173,3818,1534,21104409
1361,173,3822,1534,21104409
1361,173,3822,1534,21104409
1361,173,3825,1534,21104409
1363,173,3825,1536,21138722
1365,173,3825,1538,21174434
1365,173,3825,1538,21174434
1365,173,3825,1538,21174434
1365,173,3825,1538,21174434
1366,173,3826,1539,21193667
1367,173,3826,1540,21196565
1368,173,3826,1541,21198637
1370,173,3826,1543,21221642
1370,174,3828,1544,21232820
1370,175,3828,1545,21247037
1370,175,3828,1545,21247037
1370,175,3828,1545,21247037
1370,175,3832,1545,21247037
1370,175,3832,1545,21247037
1370,175,3832,1545,21247037
1370,175,3832,1545,21247037
1370,175,3836,1545,21247037
1371,175,3840,1546,21253204
1371,175,3846,1546,21253204
1371,175,3853,1546,21253204
1371,175,3853,1546,21253204
1371,175,3853,1546,21253204
1371,175,3853,1546,21253204
1371,175,3853,1546,21253204
1371,175,3853,1546,21253204
1373,175,3853,1548,21284687
1374,175,3853,1549,21298665
1375,175,3853,1550,21309750
1376,175,3853,1551,21324431
1376,175,3853,1551,21324431
1376,175,3857,1551,21324431
1377,175,3858,1552,21338606
1378,175,3860,1553,21351548
1378,175,3862,1553,21351548
1378,175,3863,1553,21351548
1380,175,3863,1555,21383031
1381,175,3864,1556,21401456
1383,175,3864,1558,21435769
1384,175,3864,1559,21442457
1384,175,3864,1559,21442457
1385,175,3865,1560,21456632
1386,175,3865,1561,21469574
1386,175,3868,1561,21469574
1386,175,3870,1561,21469574
1386,175,3874,1561,21469574
1386,175,3876,1561,21469574
1386,175,3877,1561,21469574
1387,175,3878,1562,21487999
1388,175,3878,1563,21501871
1389,175,3879,1564,21515902
1390,175,3879,1565,21527778
1390,175,3882,1565,21527778
1390,175,3882,1565,21527778
1391,175,3883,1566,21541008
1392,175,3883,1567,21554986
1393,175,3883,1568,21566071
1394,175,3884,1569,21585077
1395,175,3884,1570,21589877
1396,175,3885,1571,21603240
1397,175,3885,1572,21619770
1398,175,3885,1573,21628152
1398,175,3888,1573,21628152
1398,175,3890,1573,21628152
1398,176,3890,1574,21634523
1399,176,3891,1575,21646220
1399,177,3891,1576,21657397
1400,177,3893,1577,21672974
1400,177,3895,1577,21672974
1400,177,3896,1577,21672974
1400,177,3897,1577,21672974
1401,177,3898,1578,21690341
1401,178,3898,1579,21705907
1401,179,3898,1580,21715316
1401,179,3898,1580,21715316
1402,179,3899,1581,21734681
1402,179,3899,1581,21734681
1402,179,3899,1581,21734681
1402,179,3899,1581,21734681
1402,179,3899,1581,21734681
1402,179,3903,1581,21734681
1404,179,3903,1583,21766017
1405,179,3903,1584,21782374
1407,179,3903,1586,21804289
1407,179,3903,1586,21804289
1407,179,3903,1586,21804289
1410,179,3904,1589,21850040
1410,179,3908,1589,21850040
1410,179,3908,1589,21850040
1410,179,3908,1589,21850040
1410,179,3912,1589,21850040
1410,179,3912,1589,21850040
1412,179,3913,1591,21885700
1412,179,3915,1591,21885700
1412,179,3916,1591,21885700
1412,179,3917,1591,21885700
1412,179,3921,1591,21885700
1412,179,3924,1591,21885700
1412,179,3928,1591,21885700
1415,179,3928,1594,21930832
1417,179,3928,1596,21953362
1419,179,3928,1598,21984845
1419,179,3930,1598,21984845
1419,179,3932,1598,21984845
1419,179,3934,1598,21984845
1419,179,3936,1598,21984845
1419,179,3938,1598,21984845
1419,179,3940,1598,21984845
1419,179,3941,1598,21984845
1419,179,3942,1598,21984845
1419,179,3946,1598,21984845
1419,179,3950,1598,21984845
1419,179,3955,1598,21984845
1419,179,3959,1598,21984845
1419,179,3964,1598,21984845
1419,179,3964,1598,21984845
1419,179,3969,1598,21984845
1419,179,3971,1598,21984845
1419,179,3972,1598,21984845
1421,179,3972,1600,22012809
1422,179,3972,1601,22030995
1423,179,3973,1602,22049420
1427,179,3973,1606,22110834
1428,179,3974,1607,22128201
1428,179,3976,1607,22128201
1428,179,3977,1607,22128201
1428,179,3978,1607,22128201
1428,179,3980,1607,22128201
1428,179,3981,1607,22128201
1428,179,3985,1607,22128201
1428,179,3985,1607,22128201
1428,179,3989,1607,22128201
1430,179,3989,1609,22163821
1431,179,3989,1610,22180558
1432,179,3989,1611,22187744
1433,179,3990,1612,22203804
1434,179,3990,1613,22207940
1437,179,3990,1616,22239619
1438,179,3991,1617,22252849
1439,179,3991,1618,22266827
1440,179,3991,1619,22277912
1440,179,3993,1619,22277912
1440,179,3994,1619,22277912
1440,179,3994,1619,22277912
1440,179,3994,1619,22277912
1440,179,3994,1619,22277912
1440,179,3994,1619,22277912
1441,179,3995,1620,22295243
1441,179,3997,1620,22295243
1441,179,3997,1620,22295243
1441,179,3997,1620,22295243
1441,179,3997,1620,22295243
1441,179,3999,1620,22295243
1441,179,4001,1620,22295243
1441,179,4001,1620,22295243
1441,179,4003,1620,22295243
1441,179,4005,1620,22295243
1441,179,4007,1620,22295243
1442,179,4009,1621,22313572
1443,179,4012,1622,22320547
1443,179,4016,1622,22320547
1443,179,4020,1622,22320547
1443,179,4023,1622,22320547
1443,179,4026,1622,22320547
1443,179,4029,1622,22320547
1443,179,4032,1622,22320547
1443,179,4035,1622,22320547
1443,179,4038,1622,22320547
1443,179,4040,1622,22320547
1443,179,4042,1622,22320547
1443,179,4043,1622,22320547
1443,179,4044,1622,22320547
1443,179,4044,1622,22320547
1443,179,4044,1622,22320547
1443,179,4048,1622,22320547
1443,179,4052,1622,22320547
1443,179,4056,1622,22320547
1443,179,4057,1622,22320547
1443,179,4057,1622,22320547
1446,179,4057,1625,22371097
1446,179,4060,1625,22371097
1448,179,4060,1627,22399061
1449,179,4060,1628,22417247
1450,179,4063,1629,22432511
1450,179,4063,1629,22432511
1450,179,4066,1629,22432511
1451,179,4067,1630,22451517
1452,179,4067,1631,22455206
1452,179,4071,1631,22455206
1455,179,4071,1634,22501356
1457,179,4072,1636,22528564
1459,179,4072,1638,22564148
1460,179,4072,1639,22574379
1460,179,4072,1639,22574379
1460,179,4072,1639,22574379
1460,179,4072,1639,22574379
1461,179,4073,1640,22584090
1462,179,4073,1641,22602276
1463,179,4073,1642,22617540
1463,179,4073,1642,22617540
1463,179,4073,1642,22617540
1464,179,4074,1643,22635965
1465,179,4074,1644,22649837
1466,179,4074,1645,22663210
1466,179,4074,1645,22663210
1466,179,4074,1645,22663210
1466,179,4074,1645,22663210
1467,179,4075,1646,22676440
1468,179,4075,1647,22690418
1469,179,4075,1648,22701503
1470,179,4075,1649,22716184
1470,179,4079,1649,22716184
1472,179,4079,1651,22751768
1473,179,4079,1652,22770097
1474,179,4079,1653,22777072
1475,179,4080,1654,22795497
1476,179,4080,1655,22809369
1480,179,4080,1659,22862352
1480,179,4084,1659,22862352
1480,179,4088,1659,22862352
1480,179,4092,1659,22862352
1480,179,4096,1659,22862352
1480,179,4100,1659,22862352
1480,179,4104,1659,22862352
1480,179,4108,1659,22862352
1480,179,4111,1659,22862352
1480,179,4113,1659,22862352
1480,179,4117,1659,22862352
1480,179,4121,1659,22862352
1480,179,4125,1659,22862352
1480,179,4129,1659,22862352
1480,179,4133,1659,22862352
1480,179,4136,1659,22862352
1481,179,4137,1660,22875582
1482,179,4137,1661,22889560
1483,179,4137,1662,22900645
1484,179,4138,1663,22914312
1485,179,4138,1664,22927524
1487,179,4138,1666,22964202
1488,179,4138,1667,22978074
1489,179,4139,1668,22991304
1490,179,4139,1669,23001224
1491,179,4142,1670,23014014
1491,179,4146,1670,23014014
1491,179,4150,1670,23014014
1491,179,4154,1670,23014014
1491,179,4157,1670,23014014
1491,179,4161,1670,23014014
1491,179,4164,1670,23014014
1491,179,4166,1670,23014014
1491,179,4170,1670,23014014
1491,179,4174,1670,23014014
1491,179,4178,1670,23014014
1491,179,4182,1670,23014014
1491,179,4186,1670,23014014
1491,179,4189,1670,23014014
1492,179,4190,1671,23027097
1493,179,4190,1672,23043454
1495,179,4190,1674,23065369
1498,179,4190,1677,23111519
1498,179,4192,1677,23111519
1498,179,4195,1677,23111519
1499,179,4195,1678,23126783
1499,179,4195,1678,23126783
1499,179,4195,1678,23126783
1500,179,4196,1679,23140013
1501,179,4196,1680,23153991
1503,179,4196,1682,23185474
1504,179,4196,1683,23199452
1505,179,4196,1684,23210537
1506,179,4197,1685,23220248
1507,179,4197,1686,23235863
1508,179,4197,1687,23248110
1509,179,4198,1688,23262267
1509,180,4198,1689,23270228
1509,180,4198,1689,23270228
1509,180,4201,1689,23270228
1510,180,4202,1690,23286288
1511,180,4202,1691,23290424
1514,180,4202,1694,23322103
1514,180,4202,1694,23322103
1514,180,4202,1694,23322103
1514,180,4208,1694,23322103
1514,180,4208,1694,23322103
1514,180,4214,1694,23322103
1515,180,4215,1695,23341030
1515,180,4215,1695,23341030
1515,180,4215,1695,23341030
1515,180,4215,1695,23341030
1515,180,4215,1695,23341030
1515,180,4215,1695,23341030
1515,180,4215,1695,23341030
1515,180,4217,1695,23341030
1515,180,4217,1695,23341030
1515,180,4217,1695,23341030
1515,180,4217,1695,23341030
1515,180,4217,1695,23341030
1516,180,4218,1696,23358361
1519,180,4219,1699,23408539
1519,180,4223,1699,23408539
1519,180,4225,1699,23408539
1520,180,4227,1700,23417086
1521,180,4227,1701,23435339
1522,180,4228,1702,23447036
1523,180,4228,1703,23462689
1524,180,4228,1704,23471851
1525,180,4229,1705,23485081
1526,180,4229,1706,23495001
1527,180,4231,1707,23508979
1528,180,4231,1708,23520064
1528,180,4233,1708,23520064
1528,180,4233,1708,23520064
1528,180,4233,1708,23520064
1528,180,4233,1708,23520064
1528,180,4237,1708,23520064
1529,180,4241,1709,23534745
1529,180,4241,1709,23534745
1529,180,4241,1709,23534745
1529,180,4242,1709,23534745
1529,180,4245,1709,23534745
1529,180,4247,1709,23534745
1529,180,4248,1709,23534745
1529,180,4249,1709,23534745
1529,180,4251,1709,23534745
1530,180,4252,1710,23552459
1531,180,4252,1711,23555494
1531,180,4254,1711,23555494
1531,180,4255,1711,23555494
1531,180,4257,1711,23555494
1531,180,4258,1711,23555494
1531,180,4259,1711,23555494
1531,180,4259,1711,23555494
1531,180,4259,1711,23555494
1531,180,4259,1711,23555494
1531,180,4259,1711,23555494
1533,180,4259,1713,23592753
1534,180,4259,1714,23597553
1535,180,4259,1715,23608477
1535,180,4259,1715,23608477
1535,180,4259,1715,23608477
1535,180,4259,1715,23608477
1536,180,4260,1716,23626902
1537,180,4260,1717,23640774
1538,180,4261,1718,23654004
1539,180,4261,1719,23667982
1540,180,4261,1720,23679067
1540,180,4265,1720,23679067
1540,180,4269,1720,23679067
1541,180,4270,1721,23688778
1542,180,4270,1722,23706964
1543,180,4270,1723,23722228
1543,180,4270,1723,23722228
1543,180,4270,1723,23722228
1543,180,4274,1723,23722228
1544,180,4274,1724,23736909
1544,180,4274,1724,23736909
1546,180,4274,1726,23764873
1547,180,4274,1727,23783059
1548,180,4275,1728,23796289
1549,180,4275,1729,23810267
1549,180,4277,1729,23810267
1549,180,4278,1729,23810267
1549,180,4279,1729,23810267
1549,180,4281,1729,23810267
1549,180,4282,1729,23810267
1549,180,4283,1729,23810267
1549,180,4287,1729,23810267
1549,180,4287,1729,23810267
1549,180,4287,1729,23810267
1549,180,4287,1729,23810267
1549,180,4289,1729,23810267
1549,180,4290,1729,23810267
1551,180,4290,1731,23846945
1552,180,4290,1732,23860817
1553,180,4291,1733,23874848
1554,180,4291,1734,23886724
1554,180,4294,1734,23886724
1554,180,4297,1734,23886724
1554,180,4297,1734,23886724
1554,180,4297,1734,23886724
1554,180,4297,1734,23886724
1554,180,4300,1734,23886724
1554,180,4303,1734,23886724
1556,180,4303,1736,23923983
1557,180,4304,1737,23937213
1558,180,4304,1738,23951191
1559,180,4304,1739,23962276
1559,180,4306,1739,23962276
1559,180,4307,1739,23962276
1559,180,4308,1739,23962276
1559,180,4308,1739,23962276
1559,180,4308,1739,23962276
1559,180,4308,1739,23962276
1560,180,4309,1740,23975943
1561,180,4309,1741,23989155
1562,181,4309,1743,24008795
1563,181,4310,1744,24027220
1564,181,4310,1745,24039309
1564,181,4310,1745,24039309
1564,181,4313,1745,24039309
1564,181,4319,1745,24039309
1564,181,4325,1745,24039309
1564,181,4331,1745,24039309
1565,181,4332,1746,24057729
1565,181,4335,1746,24057729
1567,181,4335,1748,24076334
1567,181,4335,1748,24076334
1567,181,4335,1748,24076334
1567,181,4335,1748,24076334
1568,181,4336,1749,24088031
1569,181,4336,1750,24099207
1569,181,4339,1750,24099207
1569,181,4342,1750,24099207
1569,181,4345,1750,24099207
1570,181,4346,1751,24112290
1570,182,4346,1752,24129959
1570,183,4346,1753,24143031
1572,183,4346,1755,24170995
1573,183,4346,1756,24189181
1574,183,4346,1757,24204445
1574,183,4346,1757,24204445
1574,183,4346,1757,24204445
1575,183,4347,1758,24223372
1575,183,4347,1758,24223372
1575,183,4347,1758,24223372
1575,183,4347,1758,24223372
1575,183,4347,1758,24223372
1575,183,4347,1758,24223372
1575,183,4347,1758,24223372
1575,183,4347,1758,24223372
1575,183,4347,1758,24223372
1575,183,4347,1758,24223372
1575,183,4347,1758,24223372
1576,183,4348,1759,24240703
1577,183,4348,1760,24259032
1578,183,4348,1761,24266007
1578,183,4348,1761,24266007
1578,183,4348,1761,24266007
1578,183,4348,1761,24266007
1578,183,4348,1761,24266007
1578,183,4351,1761,24266007
1578,183,4352,1761,24266007
1578,183,4354,1761,24266007
1578,183,4355,1761,24266007
1578,183,4356,1761,24266007
1578,183,4356,1761,24266007
1578,183,4356,1761,24266007
1579,183,4357,1762,24279237
1580,183,4357,1763,24293215
1581,183,4357,1764,24304300
1581,183,4359,1764,24304300
1581,183,4360,1764,24304300
1583,183,4360,1766,24336220
1584,183,4360,1767,24349432
1586,183,4360,1769,24369071
1587,183,4361,1770,24383102
1587,184,4363,1771,24395712
1587,184,4366,1771,24395712
1587,185,4369,1772,24402925
1587,185,4371,1772,24402925
1587,185,4372,1772,24402925
1587,185,4374,1772,24402925
1587,185,4375,1772,24402925
1587,185,4377,1772,24402925
1587,185,4378,1772,24402925
1587,185,4379,1772,24402925
1587,185,4381,1772,24402925
1587,185,4382,1772,24402925
1587,185,4384,1772,24402925
1587,185,4385,1772,24402925
1587,185,4386,1772,24402925
1587,185,4390,1772,24402925
1587,185,4394,1772,24402925
1588,185,4395,1773,24414622
1588,185,4398,1773,24414622
1588,185,4399,1773,24414622
1590,185,4399,1775,24446105
1591,185,4399,1776,24460083
1592,185,4399,1777,24471168
1593,185,4400,1778,24484835
1594,185,4400,1779,24498047
1595,185,4400,1780,24510837
1595,185,4400,1780,24510837
1595,185,4400,1780,24510837
1597,185,4400,1782,24542757
1598,185,4400,1783,24559155
1599,185,4400,1784,24574841
1599,185,4400,1784,24574841
1599,185,4400,1784,24574841
1599,185,4403,1784,24574841
1599,185,4404,1784,24574841
1599,185,4404,1784,24574841
1603,185,4404,1788,24634983
1603,185,4404,1788,24634983
1604,185,4407,1789,24646068
1605,185,4408,1790,24655779
1606,185,4410,1791,24673965
1606,185,4412,1791,24673965
1606,185,4413,1791,24673965
1606,185,4414,1791,24673965
1606,185,4414,1791,24673965
1606,185,4414,1791,24673965
1606,185,4417,1791,24673965
1606,185,4422,1791,24673965
1606,185,4427,1791,24673965
1606,185,4432,1791,24673965
1606,185,4437,1791,24673965
1606,185,4442,1791,24673965
1606,185,4445,1791,24673965
1606,185,4448,1791,24673965
1606,185,4450,1791,24673965
1608,185,4450,1793,24710643
1609,185,4450,1794,24724515
1610,185,4450,1795,24737888
1610,185,4453,1795,24737888
1611,185,4454,1796,24751118
1612,185,4454,1797,24765096
1613,185,4454,1798,24776181
1614,185,4455,1799,24793895
1615,185,4455,1800,24796930
1617,185,4455,1802,24834416
1619,185,4455,1804,24851759
1619,185,4455,1804,24851759
1619,185,4455,1804,24851759
1619,185,4455,1804,24851759
1619,185,4459,1804,24851759
1619,185,4463,1804,24851759
1619,185,4467,1804,24851759
1619,185,4471,1804,24851759
1619,185,4475,1804,24851759
1619,185,4479,1804,24851759
1619,185,4483,1804,24851759
1619,185,4487,1804,24851759
1619,185,4491,1804,24851759
1619,185,4495,1804,24851759
1619,185,4497,1804,24851759
1619,185,4501,1804,24851759
1619,185,4505,1804,24851759
1619,185,4509,1804,24851759
1619,185,4513,1804,24851759
1619,185,4517,1804,24851759
1619,185,4521,1804,24851759
1619,185,4525,1804,24851759
1619,185,4529,1804,24851759
1621,185,4530,1806,24878967
1622,185,4530,1807,24890052
1622,185,4532,1807,24890052
1622,185,4534,1807,24890052
1622,185,4535,1807,24890052
1623,185,4536,1808,24903282
1624,185,4536,1809,24917260
1625,185,4536,1810,24928345
1626,185,4540,1811,24943026
1626,185,4545,1811,24943026
1626,185,4550,1811,24943026
1626,185,4555,1811,24943026
1626,185,4560,1811,24943026
1626,185,4565,1811,24943026
1626,185,4570,1811,24943026
1626,185,4575,1811,24943026
1626,185,4580,1811,24943026
1626,185,4585,1811,24943026
1626,185,4590,1811,24943026
1626,185,4595,1811,24943026
1626,185,4600,1811,24943026
1626,185,4604,1811,24943026
1626,185,4609,1811,24943026
1626,185,4614,1811,24943026
1626,185,4619,1811,24943026
1626,185,4624,1811,24943026
1626,185,4629,1811,24943026
1626,185,4634,1811,24943026
1626,185,4639,1811,24943026
1626,185,4639,1811,24943026
1626,185,4639,1811,24943026
1626,185,4643,1811,24943026
1626,185,4648,1811,24943026
1626,185,4653,1811,24943026
1626,185,4658,1811,24943026
1626,185,4663,1811,24943026
1626,185,4668,1811,24943026
1627,185,4669,1812,24956109
1628,185,4669,1813,24972466
1630,185,4672,1815,24994381
1630,185,4672,1815,24994381
1630,185,4672,1815,24994381
1630,185,4672,1815,24994381
1630,185,4675,1815,24994381
1630,185,4680,1815,24994381
1630,185,4680,1815,24994381
1630,185,4685,1815,24994381
1632,185,4686,1817,25016269
1632,185,4688,1817,25016269
1632,185,4688,1817,25016269
1632,185,4688,1817,25016269
1632,185,4688,1817,25016269
1634,185,4688,1819,25053528
1635,185,4688,1820,25058328
1636,185,4688,1821,25069252
1636,185,4688,1821,25069252
1636,185,4688,1821,25069252
1636,185,4688,1821,25069252
1636,185,4692,1821,25069252
1636,185,4696,1821,25069252
1636,185,4700,1821,25069252
1636,185,4700,1821,25069252
1637,185,4701,1822,25087677
1637,185,4701,1822,25087677
1639,185,4701,1824,25124355
1640,185,4702,1825,25134066
1641,185,4702,1826,25152252
1643,185,4702,1828,25180216
1644,185,4702,1829,25198402
1645,185,4702,1830,25213666
1645,185,4702,1830,25213666
1645,185,4702,1830,25213666
1646,185,4703,1831,25226896
1647,185,4703,1832,25240874
1648,185,4703,1833,25251959
1648,185,4705,1833,25251959
1648,185,4706,1833,25251959
1648,185,4707,1833,25251959
1650,185,4707,1835,25283442
1650,185,4707,1835,25283442
1651,185,4708,1836,25302675
1651,185,4708,1836,25302675
1651,185,4708,1836,25302675
1651,185,4710,1836,25302675
1653,185,4710,1838,25332625
1653,185,4710,1838,25332625
1653,185,4710,1838,25332625
1653,185,4710,1838,25332625
1654,185,4711,1839,25349956
1655,185,4711,1840,25369319
1655,185,4714,1840,25369319
1655,185,4717,1840,25369319
1656,185,4718,1841,25388552
1656,185,4718,1841,25388552
1656,185,4718,1841,25388552
1656,185,4718,1841,25388552
1656,185,4720,1841,25388552
1656,185,4722,1841,25388552
1656,185,4722,1841,25388552
1656,185,4724,1841,25388552
1656,185,4724,1841,25388552
1656,185,4724,1841,25388552
1656,185,4724,1841,25388552
1656,185,4726,1841,25388552
1656,185,4728,1841,25388552
1656,185,4728,1841,25388552
1656,185,4728,1841,25388552
1656,185,4728,1841,25388552
1656,185,4728,1841,25388552
1658,185,4728,1843,25420035
1659,185,4728,1844,25434013
1660,185,4728,1845,25445098
1661,185,4729,1846,25464104
1663,185,4729,1848,25496024
1664,185,4730,1849,25510181
1665,185,4730,1850,25519372
1665,185,4730,1850,25519372
1665,185,4732,1850,25519372
1666,185,4732,1851,25527624
1669,185,4732,1854,25574697
1671,185,4733,1856,25604459
1673,185,4733,1858,25635942
1674,185,4733,1859,25649920
1675,185,4733,1860,25661005
1676,185,4734,1861,25680011
1677,185,4734,1862,25684811
1678,185,4734,1863,25695735
1678,185,4734,1863,25695735
1678,185,4734,1863,25695735
1678,185,4734,1863,25695735
1678,185,4734,1863,25695735
1678,185,4734,1863,25695735
1678,185,4738,1863,25695735
1678,185,4742,1863,25695735
1678,185,4746,1863,25695735
1678,185,4750,1863,25695735
1678,185,4754,1863,25695735
1678,185,4758,1863,25695735
1678,185,4762,1863,25695735
1678,185,4765,1863,25695735
1678,185,4767,1863,25695735
1678,185,4771,1863,25695735
1678,185,4775,1863,25695735
1678,185,4779,1863,25695735
1678,185,4783,1863,25695735
1678,185,4787,1863,25695735
1678,185,4791,1863,25695735
1678,185,4794,1863,25695735
1679,185,4798,1864,25710416
1681,185,4798,1866,25742844
1681,185,4798,1866,25742844
1682,185,4798,1867,25761097
1686,185,4798,1871,25825020
1686,185,4802,1871,25825020
1686,185,4806,1871,25825020
1686,185,4810,1871,25825020
1686,185,4814,1871,25825020
1686,185,4818,1871,25825020
1686,185,4822,1871,25825020
1686,185,4826,1871,25825020
1686,185,4830,1871,25825020
1686,185,4834,1871,25825020
1686,185,4838,1871,25825020
1687,185,4839,1872,25836290
1687,186,4839,1873,25848497
1687,186,4839,1873,25848497
1687,186,4839,1873,25848497
1687,186,4839,1873,25848497
1688,186,4840,1874,25861727
1689,186,4840,1875,25875705
1690,186,4840,1876,25886790
1694,186,4840,1880,25948234
1694,186,4843,1880,25948234
1694,186,4846,1880,25948234
1694,186,4849,1880,25948234
1694,186,4851,1880,25948234
1695,186,4852,1881,25961464
1696,186,4854,1882,25977996
1696,186,4857,1882,25977996
1696,186,4859,1882,25977996
1697,186,4860,1883,25995710
1697,186,4860,1883,25995710
1698,186,4861,1884,26015075
1699,186,4861,1885,26024183
1699,186,4861,1885,26024183
1699,186,4861,1885,26024183
1699,186,4863,1885,26024183
1699,186,4864,1885,26024183
1699,186,4865,1885,26024183
1699,186,4867,1885,26024183
1699,186,4868,1885,26024183
1699,186,4869,1885,26024183
1700,186,4870,1886,26037546
1701,186,4870,1887,26053123
1701,186,4873,1887,26053123
1701,186,4875,1887,26053123
1701,186,4878,1887,26053123
1701,186,4879,1887,26053123
1702,186,4880,1888,26067154
1703,186,4880,1889,26077094
1703,186,4882,1889,26077094
1703,186,4882,1889,26077094
1703,186,4882,1889,26077094
1703,186,4882,1889,26077094
1703,186,4882,1889,26077094
1703,186,4886,1889,26077094
1704,186,4887,1890,26090177
1705,186,4889,1891,26106534
1707,186,4889,1893,26128449
1707,186,4892,1893,26128449
1707,186,4897,1893,26128449
1707,186,4897,1893,26128449
1707,186,4897,1893,26128449
1708,186,4898,1894,26141679
1709,186,4898,1895,26155657
1710,186,4898,1896,26166742
1711,186,4902,1897,26181423
1711,186,4907,1897,26181423
1711,186,4912,1897,26181423
1712,186,4913,1898,26199848
1712,186,4913,1898,26199848
1712,186,4913,1898,26199848
1714,186,4913,1900,26232132
1715,186,4914,1901,26247544
1716,186,4914,1902,26252548
1717,186,4914,1903,26259727
1717,186,4914,1903,26259727
1718,186,4915,1904,26277186
1721,186,4916,1907,26311916
1721,186,4920,1907,26311916
1722,186,4922,1908,26330514
1723,186,4922,1909,26344635
1724,186,4923,1910,26356332
1725,186,4923,1911,26371985
1726,186,4923,1912,26381147
1727,186,4924,1913,26400153
1728,186,4924,1914,26403095
1728,186,4924,1914,26403095
1729,186,4926,1915,26407895
1729,186,4931,1915,26407895
1729,186,4936,1915,26407895
1729,186,4940,1915,26407895
1731,186,4940,1917,26439378
1732,186,4940,1918,26453356
1733,186,4940,1919,26464441
1734,186,4941,1920,26477804
1735,186,4941,1921,26494334
1736,186,4941,1922,26502716
1736,186,4944,1922,26502716
1736,186,4947,1922,26502716
1736,186,4950,1922,26502716
1736,186,4952,1922,26502716
1736,186,4955,1922,26502716
1736,186,4958,1922,26502716
1736,186,4961,1922,26502716
1736,186,4964,1922,26502716
1736,186,4967,1922,26502716
1736,186,4970,1922,26502716
1736,186,4972,1922,26502716
1736,186,4976,1922,26502716
1736,186,4980,1922,26502716
1737,186,4981,1923,26514413
1737,186,4981,1923,26514413
1737,186,4981,1923,26514413
1737,186,4981,1923,26514413
1737,186,4981,1923,26514413
1737,186,4985,1923,26514413
1739,186,4985,1925,26551899
1741,186,4985,1927,26569242
1743,186,4985,1929,26606501
1744,186,4985,1930,26609596
1744,186,4985,1930,26609596
1747,186,4986,1933,26652757
1747,186,4988,1933,26652757
1747,186,4989,1933,26652757
1747,186,4990,1933,26652757
1747,186,4992,1933,26652757
1747,186,4993,1933,26652757
1747,186,4994,1933,26652757
1749,186,4994,1935,26685185
1749,187,4994,1936,26689484
1749,188,4994,1937,26697599
1749,188,4994,1937,26697599
1749,188,4994,1937,26697599
1749,188,4994,1937,26697599
1749,188,4994,1937,26697599
1749,188,4994,1937,26697599
1749,188,4994,1937,26697599
1750,188,4995,1938,26711756
1751,188,4995,1939,26717068
1752,188,4995,1940,26726081
1752,188,4995,1940,26726081
1752,188,4995,1940,26726081
1752,188,4995,1940,26726081
1752,188,4997,1940,26726081
1752,188,4998,1940,26726081
1752,188,4998,1940,26726081
1752,188,5000,1940,26726081
1752,188,5001,1940,26726081
1752,188,5003,1940,26726081
1752,188,5003,1940,26726081
1752,188,5003,1940,26726081
1752,188,5003,1940,26726081
1753,188,5004,1941,26743412
1754,188,5004,1942,26761741
1755,188,5004,1943,26768716
1755,188,5004,1943,26768716
1755,188,5004,1943,26768716
1755,188,5004,1943,26768716
1755,188,5004,1943,26768716
1755,188,5006,1943,26768716
1755,188,5007,1943,26768716
1755,188,5008,1943,26768716
1756,188,5009,1944,26787949
1757,188,5009,1945,26790847
1758,188,5009,1946,26792919
1760,188,5009,1948,26815924
1761,188,5009,1949,26822091
1761,188,5009,1949,26822091
1761,188,5009,1949,26822091
1761,188,5016,1949,26822091
1761,188,5018,1949,26822091
1761,188,5019,1949,26822091
1761,188,5020,1949,26822091
1761,188,5022,1949,26822091
1761,188,5023,1949,26822091
1763,188,5023,1951,26852041
1764,188,5023,1952,26858261
1765,190,5024,1955,26887833
1767,190,5024,1957,26924511
1768,190,5024,1958,26936600
1769,190,5025,1959,26948297
1770,190,5025,1960,26959473
1772,190,5025,1962,26989423
1773,190,5026,1963,27003598
1774,190,5026,1964,27008552
1775,190,5026,1965,27018993
1777,190,5026,1967,27055671
1778,190,5026,1968,27069543
1779,190,5027,1969,27079254
1780,190,5027,1970,27097440
1781,190,5027,1971,27112704
1781,190,5027,1971,27112704
1781,190,5027,1971,27112704
1781,190,5029,1971,27112704
1781,190,5030,1971,27112704
1781,190,5032,1971,27112704
1782,190,5032,1972,27126682
1783,190,5032,1973,27137767
1785,190,5032,1975,27169687
1785,190,5032,1975,27169687
1785,190,5032,1975,27169687
1787,190,5032,1977,27206365
1788,190,5032,1978,27220237
1789,190,5033,1979,27234268
1790,190,5033,1980,27246144
1790,190,5033,1980,27246144
1790,190,5035,1980,27246144
1790,190,5036,1980,27246144
1790,190,5037,1980,27246144
1790,190,5038,1980,27246144
1790,190,5038,1980,27246144
1790,190,5038,1980,27246144
1790,190,5040,1980,27246144
1790,190,5041,1980,27246144
1791,190,5042,1981,27262204
1792,190,5042,1982,27268892
1796,190,5042,1986,27329034
1799,190,5043,1989,27372195
1799,190,5043,1989,27372195
1799,190,5043,1989,27372195
1801,190,5043,1991,27408873
1802,190,5044,1992,27422103
1803,190,5044,1993,27436081
1804,190,5044,1994,27447166
1805,190,5048,1995,27461847
1805,190,5050,1995,27461847
1807,190,5050,1997,27491797
1808,190,5050,1998,27498017
1808,190,5050,1998,27498017
1809,190,5051,1999,27516442
1811,190,5051,2001,27550755
1812,190,5051,2002,27559302
1814,190,5051,2004,27577907
1814,190,5051,2004,27577907
1814,190,5051,2004,27577907
1814,190,5051,2004,27577907
1815,190,5052,2005,27591137
1816,190,5053,2006,27604220
1817,190,5053,2007,27621888
1818,190,5056,2008,27634959
1818,190,5059,2008,27634959
1818,190,5064,2008,27634959
1819,190,5065,2009,27644670
1820,190,5065,2010,27660285
1823,190,5065,2013,27690347
1824,190,5067,2014,27694483
1827,190,5067,2017,27726162
1827,190,5069,2017,27726162
1827,190,5069,2017,27726162
1827,190,5069,2017,27726162
1830,190,5069,2020,27766515
1831,190,5069,2021,27771871
1831,190,5069,2021,27771871
1831,190,5071,2021,27771871
1831,190,5075,2021,27771871
1832,190,5076,2022,27785101
1833,190,5076,2023,27799079
1835,190,5076,2025,27830415
1836,190,5076,2026,27846175
1837,190,5076,2027,27853842
1837,190,5076,2027,27853842
1837,190,5076,2027,27853842
1837,190,5076,2027,27853842
1838,190,5077,2028,27867072
1839,190,5077,2029,27881050
1840,190,5077,2030,27895731
1842,190,5077,2032,27932409
1843,190,5077,2033,27946281
1844,190,5077,2034,27959654
1844,190,5077,2034,27959654
1845,190,5078,2035,27972884
1846,190,5078,2036,27986862
1847,190,5078,2037,27997947
1847,190,5082,2037,27997947
1847,190,5082,2037,27997947
1847,190,5082,2037,27997947
1847,190,5084,2037,27997947
1847,190,5084,2037,27997947
1849,190,5084,2039,28025911
1850,190,5084,2040,28044097
1851,190,5084,2041,28059361
1851,190,5084,2041,28059361
1851,190,5084,2041,28059361
1851,190,5084,2041,28059361
1851,190,5084,2041,28059361
1851,190,5084,2041,28059361
1851,190,5087,2041,28059361
1851,190,5088,2041,28059361
1852,190,5089,2042,28072591
1853,190,5089,2043,28086569
1854,190,5089,2044,28104822
1856,190,5089,2046,28136305
1857,190,5089,2047,28151731
1858,190,5090,2048,28167791
1859,190,5090,2049,28174479
1859,190,5090,2049,28174479
1859,190,5090,2049,28174479
1861,190,5090,2051,28205962
1862,190,5090,2052,28219940
1863,190,5090,2053,28231025
1864,190,5091,2054,28250390
1864,190,5091,2054,28250390
1864,190,5091,2054,28250390
1864,190,5091,2054,28250390
1866,190,5091,2056,28281873
1867,190,5091,2057,28298405
1867,191,5091,2058,28303591
1868,191,5091,2059,28315957
1868,191,5091,2059,28315957
1869,191,5092,2060,28333288
1870,191,5092,2061,28351617
1870,191,5092,2061,28351617
1870,191,5092,2061,28351617
1870,191,5092,2061,28351617
1870,191,5092,2061,28351617
1870,191,5094,2061,28351617
1871,191,5094,2062,28365595
1872,191,5094,2063,28376680
1874,191,5094,2065,28408163
1875,191,5094,2066,28422141
1876,191,5094,2067,28433226
1877,191,5098,2068,28447907
1877,191,5103,2068,28447907
1877,191,5108,2068,28447907
1877,191,5113,2068,28447907
1877,191,5118,2068,28447907
1877,191,5123,2068,28447907
1877,191,5128,2068,28447907
1877,191,5133,2068,28447907
1877,191,5138,2068,28447907
1877,191,5143,2068,28447907
1877,191,5148,2068,28447907
1877,191,5153,2068,28447907
1877,191,5158,2068,28447907
1877,191,5163,2068,28447907
1877,191,5167,2068,28447907
1877,191,5171,2068,28447907
1877,191,5174,2068,28447907
1877,191,5176,2068,28447907
1877,191,5181,2068,28447907
1877,191,5181,2068,28447907
1878,191,5181,2069,28466160
1880,191,5181,2071,28494124
1881,191,5181,2072,28509739
1882,191,5181,2073,28521986
1882,191,5181,2073,28521986
1882,191,5181,2073,28521986
1882,191,5181,2073,28521986
1883,191,5182,2074,28540992
1884,191,5182,2075,28545792
1885,191,5182,2076,28556716
1885,191,5182,2076,28556716
1885,191,5182,2076,28556716
1885,191,5182,2076,28556716
1887,191,5182,2078,28584680
1888,191,5182,2079,28603789
1889,191,5185,2080,28618160
1889,191,5189,2080,28618160
1890,191,5191,2081,28636346
1891,191,5191,2082,28651610
1891,191,5191,2082,28651610
1891,191,5191,2082,28651610
1893,191,5191,2084,28683093
1894,191,5191,2085,28698519
1895,192,5191,2087,28717724
1896,192,5192,2088,28733784
1897,192,5192,2089,28740472
1899,192,5192,2091,28774785
1900,192,5192,2092,28781473
1901,192,5193,2093,28800706
1902,192,5193,2094,28803604
1903,192,5193,2095,28805676
1905,192,5193,2097,28828681
1907,192,5193,2099,28856645
1908,192,5195,2100,28864903
1909,192,5195,2101,28878787
1909,192,5198,2101,28878787
1909,192,5202,2101,28878787
1910,192,5203,2102,28892017
1911,192,5204,2103,28908077
1912,192,5204,2104,28914765
1912,192,5207,2104,28914765
1912,192,5210,2104,28914765
1917,192,5210,2109,28980878
1919,192,5210,2111,29012361
1920,192,5210,2112,29026339
1921,192,5210,2113,29037424
1922,192,5211,2114,29051455
1923,192,5211,2115,29063331
1923,192,5211,2115,29063331
1923,192,5211,2115,29063331
1923,192,5211,2115,29063331
1923,192,5211,2115,29063331
1923,192,5211,2115,29063331
1925,192,5211,2117,29094667
1925,192,5211,2117,29094667
1927,192,5211,2119,29130634
1928,192,5211,2120,29133669
1929,192,5212,2121,29151000
1930,192,5212,2122,29169329
1931,192,5213,2123,29182559
1932,192,5213,2124,29196537
1933,192,5213,2125,29207622
1933,192,5216,2125,29207622
1935,192,5216,2127,29239105
1937,192,5218,2129,29269779
1939,192,5218,2131,29288667
1939,192,5221,2131,29288667
1940,192,5222,2132,29307673
1941,192,5222,2133,29312473
1943,192,5222,2135,29342423
1944,192,5222,2136,29348643
1946,192,5223,2138,29380940
1947,192,5224,2139,29399946
1948,192,5225,2140,29413309
1949,192,5225,2141,29428886
1950,192,5225,2142,29443147
1951,192,5226,2143,29461572
1952,192,5226,2144,29475444
1952,192,5228,2144,29475444
1952,192,5229,2144,29475444
1952,192,5231,2144,29475444
1952,192,5232,2144,29475444
1952,192,5233,2144,29475444
1952,193,5235,2145,29483340
1952,194,5235,2146,29499628
1952,194,5235,2146,29499628
1954,194,5235,2148,29533941
1955,194,5235,2149,29540629
1956,194,5236,2150,29559054
1956,194,5239,2150,29559054
1959,194,5239,2153,29606127
1959,194,5241,2153,29606127
1960,194,5244,2154,29620498
1960,194,5246,2154,29620498
1960,194,5247,2154,29620498
1960,194,5248,2154,29620498
1960,194,5250,2154,29620498
1960,194,5251,2154,29620498
1960,194,5252,2154,29620498
1960,194,5252,2154,29620498
1960,194,5252,2154,29620498
1962,194,5252,2156,29651981
1963,194,5252,2157,29665959
1964,194,5252,2158,29677044
1965,194,5256,2159,29691725
1965,194,5256,2159,29691725
1965,194,5261,2159,29691725
1966,194,5262,2160,29710731
1967,194,5262,2161,29715531
1968,195,5262,2163,29733193
1968,195,5264,2163,29733193
1968,195,5265,2163,29733193
1968,195,5269,2163,29733193
1968,195,5273,2163,29733193
1968,195,5278,2163,29733193
1968,195,5282,2163,29733193
1968,195,5287,2163,29733193
1968,195,5287,2163,29733193
1968,195,5287,2163,29733193
1968,195,5291,2163,29733193
1968,195,5295,2163,29733193
1968,195,5296,2163,29733193
1968,195,5296,2163,29733193
1968,195,5301,2163,29733193
1969,195,5302,2164,29751618
1970,195,5302,2165,29765490
1971,195,5302,2166,29775863
1972,195,5302,2167,29789236
1974,195,5302,2169,29825914
1975,195,5302,2170,29839786
1976,195,5303,2171,29853817
1977,195,5303,2172,29865693
1977,195,5303,2172,29865693
1979,195,5303,2174,29903179
1981,195,5303,2176,29920522
1982,195,5304,2177,29938947
1982,195,5304,2177,29938947
1983,195,5305,2178,29955007
1984,195,5305,2179,29961695
1986,195,5305,2181,29998373
1987,195,5305,2182,30012245
1988,195,5308,2183,30025618
1988,195,5308,2183,30025618
1988,195,5308,2183,30025618
1989,195,5309,2184,30038848
1990,195,5309,2185,30052826
1991,195,5309,2186,30063911
1993,195,5309,2188,30095394
1994,195,5309,2189,30109372
1995,195,5309,2190,30120457
1996,195,5309,2191,30135138
1996,195,5313,2191,30135138
1996,195,5314,2191,30135138
1996,195,5314,2191,30135138
1996,195,5314,2191,30135138
1996,195,5314,2191,30135138
1996,195,5314,2191,30135138
1996,195,5319,2191,30135138
1996,195,5324,2191,30135138
1996,195,5329,2191,30135138
1996,195,5329,2191,30135138
1997,195,5330,2192,30154144
1997,195,5330,2192,30154144
1997,195,5330,2192,30154144
1997,195,5330,2192,30154144
1997,195,5330,2192,30154144
1997,195,5330,2192,30154144
1997,195,5330,2192,30154144
1997,195,5330,2192,30154144
1997,195,5332,2192,30154144
1997,195,5332,2192,30154144
1997,195,5332,2192,30154144
1997,195,5332,2192,30154144
1997,195,5332,2192,30154144
1997,195,5332,2192,30154144
1997,195,5332,2192,30154144
1997,195,5332,2192,30154144
1997,195,5332,2192,30154144
1998,195,5333,2193,30170204
1999,195,5333,2194,30174340
2002,195,5333,2197,30206019
2002,195,5339,2197,30206019
2002,195,5339,2197,30206019
2002,195,5339,2197,30206019
2002,195,5345,2197,30206019
2002,195,5351,2197,30206019
2002,195,5357,2197,30206019
2002,195,5363,2197,30206019
2002,195,5363,2197,30206019
2002,195,5363,2197,30206019
2005,195,5364,2200,30243592
2005,195,5368,2200,30243592
2005,195,5372,2200,30243592
2005,195,5376,2200,30243592
2005,195,5380,2200,30243592
2005,195,5384,2200,30243592
2005,195,5388,2200,30243592
2005,195,5392,2200,30243592
2005,195,5396,2200,30243592
2005,195,5400,2200,30243592
2005,195,5400,2200,30243592
2005,195,5400,2200,30243592
2005,195,5400,2200,30243592
2005,195,5400,2200,30243592
2005,195,5400,2200,30243592
2005,195,5400,2200,30243592
2005,195,5404,2200,30243592
2005,195,5404,2200,30243592
2005,195,5408,2200,30243592
2005,195,5412,2200,30243592
2005,195,5416,2200,30243592
2005,195,5420,2200,30243592
2005,195,5424,2200,30243592
2005,195,5428,2200,30243592
2005,195,5432,2200,30243592
2005,195,5436,2200,30243592
2005,195,5440,2200,30243592
2005,195,5444,2200,30243592
2005,195,5448,2200,30243592
2005,195,5452,2200,30243592
2005,195,5456,2200,30243592
2007,195,5456,2202,30277905
2008,195,5456,2203,30282041
2011,195,5456,2206,30313720
2012,195,5457,2207,30326950
2013,195,5457,2208,30340928
2014,195,5457,2209,30352013
2014,195,5463,2209,30352013
2014,195,5469,2209,30352013
2014,195,5475,2209,30352013
2014,195,5481,2209,30352013
2014,195,5487,2209,30352013
2014,195,5490,2209,30352013
2014,195,5496,2209,30352013
2014,195,5498,2209,30352013
2014,195,5504,2209,30352013
2014,195,5510,2209,30352013
2014,195,5516,2209,30352013
2014,195,5522,2209,30352013
2017,195,5523,2212,30394744
2017,195,5529,2212,30394744
2017,195,5532,2212,30394744
2017,195,5534,2212,30394744
2017,195,5535,2212,30394744
2017,195,5536,2212,30394744
2017,195,5536,2212,30394744
2017,195,5540,2212,30394744
2017,195,5544,2212,30394744
2018,195,5547,2213,30408177
2022,195,5547,2217,30464723
2026,195,5547,2221,30521269
2028,195,5547,2223,30557947
2029,195,5547,2224,30571819
2030,195,5548,2225,30581530
2031,195,5548,2226,30599716
2033,195,5548,2228,30636394
2034,195,5549,2229,30649624
2035,195,5550,2230,30659335
2036,195,5550,2231,30677521
2037,195,5550,2232,30692785
2039,195,5550,2234,30720749
2039,195,5550,2234,30720749
2039,195,5550,2234,30720749
2039,195,5550,2234,30720749
2039,195,5550,2234,30720749
2039,195,5550,2234,30720749
2039,195,5550,2234,30720749
2040,195,5551,2235,30733979
2041,195,5551,2236,30749405
2042,195,5551,2237,30762543
2042,195,5551,2237,30762543
2042,195,5551,2237,30762543
2042,195,5551,2237,30762543
2042,195,5551,2237,30762543
2042,195,5551,2237,30762543
2045,195,5552,2240,30797273
2045,195,5555,2240,30797273
2045,195,5559,2240,30797273
2045,195,5563,2240,30797273
2045,195,5566,2240,30797273
2045,195,5568,2240,30797273
2045,195,5572,2240,30797273
2045,195,5576,2240,30797273
2045,195,5580,2240,30797273
2045,195,5584,2240,30797273
2045,195,5588,2240,30797273
2045,195,5592,2240,30797273
2045,195,5596,2240,30797273
2045,195,5600,2240,30797273
2045,195,5604,2240,30797273
2047,195,5604,2242,30834532
2047,195,5604,2242,30834532
2047,195,5604,2242,30834532
2047,195,5604,2242,30834532
2047,195,5604,2242,30834532
2047,195,5604,2242,30834532
2047,195,5604,2242,30834532
2047,195,5604,2242,30834532
2047,195,5604,2242,30834532
2048,195,5605,2243,30847762
2049,195,5605,2244,30864294
2050,195,5605,2245,30876660
2050,195,5605,2245,30876660
2050,195,5605,2245,30876660
2050,195,5605,2245,30876660
2052,195,5605,2247,30908143
2053,195,5605,2248,30922121
2054,195,5605,2249,30933206
2055,195,5605,2250,30947887
2055,195,5605,2250,30947887
2056,195,5606,2251,30966893
2057,195,5606,2252,30971693
2058,195,5606,2253,30982617
2058,195,5606,2253,30982617
2059,195,5607,2254,31001982
2060,195,5607,2255,31011290
2060,195,5610,2255,31011290
2062,195,5610,2257,31048776
2063,195,5610,2258,31059953
2063,195,5612,2258,31059953
2065,195,5612,2260,31097212
2065,195,5614,2260,31097212
2066,195,5616,2261,31100307
2066,195,5618,2261,31100307
2067,195,5619,2262,31113537
2068,195,5619,2263,31128963
2068,195,5621,2263,31128963
2068,195,5621,2263,31128963
2070,195,5621,2265,31160579
2071,195,5621,2266,31176156
2071,195,5624,2266,31176156
2072,195,5625,2267,31189823
2073,195,5625,2268,31203035
2074,195,5625,2269,31219306
2076,195,5625,2271,31253619
2077,195,5625,2272,31260307
2078,195,5626,2273,31270018
2079,195,5626,2274,31285633
2080,195,5626,2275,31297880
2080,195,5630,2275,31297880
2080,195,5634,2275,31297880
2081,195,5635,2276,31311110
2082,195,5635,2277,31326536
2084,195,5635,2279,31345740
2087,195,5635,2282,31386741
2089,195,5635,2284,31422453
2089,196,5635,2285,31434792
2089,197,5635,2286,31442483
2089,197,5635,2286,31442483
2090,197,5636,2287,31460908
2091,197,5636,2288,31474780
2091,197,5638,2288,31474780
2091,197,5639,2288,31474780
2091,197,5640,2288,31474780
2091,197,5644,2288,31474780
2091,197,5645,2288,31474780
2091,197,5645,2288,31474780
2091,197,5647,2288,31474780
2091,197,5648,2288,31474780
2091,197,5649,2288,31474780
2091,197,5651,2288,31474780
2091,197,5652,2288,31474780
2091,197,5654,2288,31474780
2091,197,5655,2288,31474780
2091,197,5657,2288,31474780
2091,197,5658,2288,31474780
2091,197,5659,2288,31474780
2095,197,5659,2292,31536194
2097,197,5660,2294,31568491
2099,197,5660,2296,31605169
2100,197,5660,2297,31619041
2101,197,5661,2298,31632271
2102,197,5661,2299,31646249
2103,197,5661,2300,31657334
2104,197,5665,2301,31672015
2104,197,5669,2301,31672015
2104,197,5674,2301,31672015
2104,197,5678,2301,31672015
2104,197,5683,2301,31672015
2104,197,5687,2301,31672015
2104,197,5688,2301,31672015
2104,197,5688,2301,31672015
2104,197,5693,2301,31672015
2104,197,5698,2301,31672015
2104,197,5703,2301,31672015
2104,197,5703,2301,31672015
2104,197,5708,2301,31672015
2104,197,5711,2301,31672015
2104,197,5712,2301,31672015
2104,197,5712,2301,31672015
2104,197,5716,2301,31672015
2106,197,5716,2303,31703498
2107,197,5716,2304,31717476
2108,197,5717,2305,31735901
2109,197,5717,2306,31749773
2110,197,5718,2307,31765833
2111,197,5718,2308,31772521
2113,197,5718,2310,31809199
2113,197,5718,2310,31809199
2114,197,5719,2311,31822429
2115,197,5719,2312,31836407
2116,197,5719,2313,31847492
2118,197,5719,2315,31878975
2119,197,5719,2316,31892953
2120,197,5719,2317,31904038
2121,197,5720,2318,31923403
2122,197,5720,2319,31932711
2122,197,5720,2319,31932711
2123,197,5721,2320,31950078
2125,197,5721,2322,31981561
2126,197,5721,2323,31995539
2128,197,5724,2325,32021305
2128,197,5729,2325,32021305
2128,197,5733,2325,32021305
2129,197,5734,2326,32039730
2130,197,5738,2327,32054411
2130,197,5743,2327,32054411
2130,197,5748,2327,32054411
2130,197,5753,2327,32054411
2130,197,5758,2327,32054411
2130,197,5763,2327,32054411
2130,197,5768,2327,32054411
2130,197,5773,2327,32054411
2130,197,5778,2327,32054411
2130,197,5783,2327,32054411
2130,197,5788,2327,32054411
2130,197,5793,2327,32054411
2130,197,5798,2327,32054411
2130,197,5802,2327,32054411
2130,197,5807,2327,32054411
2130,197,5812,2327,32054411
2130,197,5817,2327,32054411
2130,197,5822,2327,32054411
2130,197,5827,2327,32054411
2130,197,5832,2327,32054411
2130,197,5836,2327,32054411
